date,transaction_no,symbol,buyer,seller,quantity,rate,amount
2015-02-25,201502252500008,ACEDBL,5,11,500,276.0,138000.0
2015-02-25,201502252500000,ACEDBL,5,25,301,276.0,83076.0
2015-02-25,201502252499898,ACEDBL,57,42,200,274.0,54800.0
2015-02-25,201502252499880,ACEDBL,57,4,145,273.0,39585.0
2015-02-25,201502252499873,ACEDBL,57,11,544,272.0,147968.0
2015-02-25,201502252499872,ACEDBL,57,4,200,271.0,54200.0
2015-02-25,201502252499994,ADBL,5,38,140,470.0,65800.0
2015-02-25,201502252499950,ADBL,5,38,140,470.0,65800.0
2015-02-25,201502252499918,ADBL,17,47,31,471.0,14601.0
2015-02-25,201502252499729,ADBL,5,59,290,470.0,136300.0
2015-02-25,201502252499728,ADBL,5,48,40,470.0,18800.0
2015-02-25,201502252499727,ADBL,5,48,120,470.0,56400.0
2015-02-25,201502252500055,AHPC,47,39,13,348.0,4524.0
2015-02-25,201502252500054,AHPC,28,39,13,349.0,4537.0
2015-02-25,201502252500030,AHPC,28,39,1000,344.0,344000.0
2015-02-25,201502252499939,AHPC,19,11,500,346.0,173000.0
2015-02-25,201502252499582,AHPC,47,41,46,348.0,16008.0
2015-02-25,201502252499769,AHPC,5,21,200,350.0,70000.0
2015-02-25,201502252499765,AHPC,5,6,46,349.0,16054.0
2015-02-25,201502252499660,AHPC,21,6,46,349.0,16054.0
2015-02-25,201502252499658,AHPC,21,6,46,349.0,16054.0
2015-02-25,201502252499637,AHPC,21,26,110,348.0,38280.0
2015-02-25,201502252499600,AHPC,52,41,46,348.0,16008.0
2015-02-25,201502252499973,ALDBL,17,22,80,314.0,25120.0
2015-02-25,201502252499972,ALDBL,17,22,60,314.0,18840.0
2015-02-25,201502252499971,ALDBL,16,22,1000,315.0,315000.0
2015-02-25,201502252499970,ALDBL,56,22,200,316.0,63200.0
2015-02-25,201502252499850,APEX,14,6,20,125.0,2500.0
2015-02-25,201502252499694,APEX,16,16,222,124.0,27528.0
2015-02-25,201502252499953,ARDBL,22,22,94,197.0,18518.0
2015-02-25,201502252499827,ARDBL,36,38,24,200.0,4800.0
2015-02-25,201502252499826,ARDBL,36,20,21,200.0,4200.0
2015-02-25,201502252499817,ARDBL,36,4,189,199.0,37611.0
2015-02-25,201502252499952,BLDBL,10,10,281,345.0,96945.0
2015-02-25,201502252499975,BPCL,49,49,300,630.0,189000.0
2015-02-25,201502252499811,BPCL,39,21,500,618.0,309000.0
2015-02-25,201502252500019,CBBL,43,32,37,1551.0,57387.0
2015-02-25,201502252500007,CBBL,57,45,70,1550.0,108500.0
2015-02-25,201502252500002,CBBL,6,6,50,1550.0,77500.0
2015-02-25,201502252499998,CBBL,57,32,77,1550.0,119350.0
2015-02-25,201502252499997,CBBL,57,32,70,1550.0,108500.0
2015-02-25,201502252499966,CBBL,57,32,68,1550.0,105400.0
2015-02-25,201502252500017,CBL,33,25,82,295.0,24190.0
2015-02-25,201502252499916,CBL,29,50,68,295.0,20060.0
2015-02-25,201502252499874,CBL,1,55,665,295.0,196175.0
2015-02-25,201502252499821,CBL,1,16,1000,295.0,295000.0
2015-02-25,201502252500042,CCBL,11,16,40,325.0,13000.0
2015-02-25,201502252500039,CCBL,11,39,50,322.0,16100.0
2015-02-25,201502252499825,CCBL,49,13,24,325.0,7800.0
2015-02-25,201502252499810,CCBL,49,13,24,325.0,7800.0
2015-02-25,201502252499630,CCBL,22,54,40,325.0,13000.0
2015-02-25,201502252499586,CCBL,11,36,40,322.0,12880.0
2015-02-25,201502252500014,CFCL,26,1,500,214.0,107000.0
2015-02-25,201502252500013,CFCL,26,1,500,213.0,106500.0
2015-02-25,201502252499883,CFCL,25,29,500,213.0,106500.0
2015-02-25,201502252499865,CFCL,25,1,500,213.0,106500.0
2015-02-25,201502252499849,CFCL,26,43,500,213.0,106500.0
2015-02-25,201502252499845,CFCL,26,1,82,213.0,17466.0
2015-02-25,201502252499608,CFCL,59,43,10,207.0,2070.0
2015-02-25,201502252499607,CFCL,59,1,100,207.0,20700.0
2015-02-25,201502252499787,CFCL,25,8,126,209.0,26334.0
2015-02-25,201502252499782,CFCL,25,49,500,210.0,105000.0
2015-02-25,201502252499614,CFCL,59,17,39,209.0,8151.0
2015-02-25,201502252499613,CFCL,59,14,50,209.0,10450.0
2015-02-25,201502252499612,CFCL,59,21,100,208.0,20800.0
2015-02-25,201502252499609,CFCL,59,11,76,207.0,15732.0
2015-02-25,201502252499938,CHCL,35,29,147,1600.0,235200.0
2015-02-25,201502252499933,CHCL,35,29,100,1600.0,160000.0
2015-02-25,201502252499929,CHCL,35,11,468,1600.0,748800.0
2015-02-25,201502252499928,CHCL,32,29,100,1600.0,160000.0
2015-02-25,201502252499926,CHCL,32,29,100,1600.0,160000.0
2015-02-25,201502252499877,CHCL,5,29,155,1602.0,248310.0
2015-02-25,201502252499711,CHCL,35,49,216,1600.0,345600.0
2015-02-25,201502252499710,CHCL,50,14,200,1600.0,320000.0
2015-02-25,201502252499709,CHCL,5,14,100,1600.0,160000.0
2015-02-25,201502252499708,CHCL,48,14,100,1600.0,160000.0
2015-02-25,201502252499697,CHCL,32,51,96,1602.0,153792.0
2015-02-25,201502252499622,CHCL,3,21,28,1602.0,44856.0
2015-02-25,201502252499806,CHCL,5,21,20,1602.0,32040.0
2015-02-25,201502252499802,CHCL,5,6,34,1602.0,54468.0
2015-02-25,201502252499800,CHCL,5,32,51,1602.0,81702.0
2015-02-25,201502252499798,CHCL,5,51,84,1602.0,134568.0
2015-02-25,201502252499795,CHCL,5,19,112,1602.0,179424.0
2015-02-25,201502252499731,CHCL,53,14,116,1600.0,185600.0
2015-02-25,201502252499860,CHCL,32,29,191,1600.0,305600.0
2015-02-25,201502252499858,CHCL,6,16,28,1600.0,44800.0
2015-02-25,201502252499857,CHCL,48,16,28,1600.0,44800.0
2015-02-25,201502252499835,CHCL,8,16,100,1603.0,160300.0
2015-02-25,201502252499824,CHCL,8,11,18,1605.0,28890.0
2015-02-25,201502252499808,CHCL,6,58,47,1600.0,75200.0
2015-02-25,201502252500058,CIT,46,11,10,3640.0,36400.0
2015-02-25,201502252500057,CIT,46,51,10,3638.0,36380.0
2015-02-25,201502252500052,CIT,46,51,28,3635.0,101780.0
2015-02-25,201502252499968,CIT,52,11,30,3630.0,108900.0
2015-02-25,201502252499949,CIVIC,16,29,300,410.0,123000.0
2015-02-25,201502252499778,CIVIC,16,25,222,402.0,89244.0
2015-02-25,201502252499661,CNDBL,19,33,20,178.0,3560.0
2015-02-25,201502252500038,CSDBL,46,13,124,304.0,37696.0
2015-02-25,201502252500004,CSDBL,45,13,257,304.0,78128.0
2015-02-25,201502252499959,CSDBL,46,6,43,304.0,13072.0
2015-02-25,201502252499862,CSDBL,45,6,73,299.0,21827.0
2015-02-25,201502252499624,CZBIL,5,25,21,461.0,9681.0
2015-02-25,201502252499619,CZBIL,5,25,21,461.0,9681.0
2015-02-25,201502252499995,EBL,19,14,20,2111.0,42220.0
2015-02-25,201502252499942,EBL,34,49,131,2108.0,276148.0
2015-02-25,201502252499908,EBL,6,42,220,2111.0,464420.0
2015-02-25,201502252499907,EBL,34,42,220,2112.0,464640.0
2015-02-25,201502252499848,EBL,7,46,100,2122.0,212200.0
2015-02-25,201502252499924,EBLCP,20,26,30,1070.0,32100.0
2015-02-25,201502252499718,EDBL,55,29,153,640.0,97920.0
2015-02-25,201502252499754,EIC,26,17,200,970.0,194000.0
2015-02-25,201502252500047,EKBL,43,48,485,279.0,135315.0
2015-02-25,201502252500032,EKBL,58,48,329,280.0,92120.0
2015-02-25,201502252499779,EKBL,58,47,14,280.0,3920.0
2015-02-25,201502252499646,EKBL,58,25,1000,283.0,283000.0
2015-02-25,201502252500041,GBBL,41,25,274,346.0,94804.0
2015-02-25,201502252499974,GBBL,25,50,15,345.0,5175.0
2015-02-25,201502252499673,GBBL,41,50,500,345.0,172500.0
2015-02-25,201502252499671,GBBL,41,25,106,345.0,36570.0
2015-02-25,201502252499666,GBBL,41,25,177,344.0,60888.0
2015-02-25,201502252499574,GBBL,38,11,46,343.0,15778.0
2015-02-25,201502252499570,GBBL,38,11,66,343.0,22638.0
2015-02-25,201502252499985,GBIME,48,11,40,458.0,18320.0
2015-02-25,201502252499969,GBIME,32,11,51,459.0,23409.0
2015-02-25,201502252499967,GBIME,32,11,40,459.0,18360.0
2015-02-25,201502252499930,GBIME,49,22,405,460.0,186300.0
2015-02-25,201502252499606,GBIME,48,47,110,462.0,50820.0
2015-02-25,201502252499597,GBIME,48,6,62,461.0,28582.0
2015-02-25,201502252499591,GBIME,48,17,55,461.0,25355.0
2015-02-25,201502252500021,GDBL,43,17,240,313.0,75120.0
2015-02-25,201502252500005,GLICL,36,16,500,543.0,271500.0
2015-02-25,201502252499772,HAMA,29,29,440,158.0,69520.0
2015-02-25,201502252499716,HAMA,42,48,330,160.0,52800.0
2015-02-25,201502252499715,HAMA,42,33,70,159.0,11130.0
2015-02-25,201502252499573,HAMA,17,4,200,162.0,32400.0
2015-02-25,201502252499572,HAMA,17,21,970,161.0,156170.0
2015-02-25,201502252499842,HBDL,25,29,346,108.0,37368.0
2015-02-25,201502252499839,HBDL,6,29,1000,108.0,108000.0
2015-02-25,201502252499861,HBL,50,5,120,885.0,106200.0
2015-02-25,201502252499831,HBL,50,5,120,885.0,106200.0
2015-02-25,201502252499704,HBL,55,42,500,890.0,445000.0
2015-02-25,201502252499703,HBL,43,42,100,891.0,89100.0
2015-02-25,201502252500050,ICFC,10,10,70,286.0,20020.0
2015-02-25,201502252499901,ICFC,45,19,20,290.0,5800.0
2015-02-25,201502252499902,IDBL,42,26,22,183.0,4026.0
2015-02-25,201502252499863,IDBL,10,10,1119,180.0,201420.0
2015-02-25,201502252499931,INDBL,42,48,177,237.0,41949.0
2015-02-25,201502252499801,INDBL,11,32,265,233.0,61745.0
2015-02-25,201502252499988,JBBL,49,34,550,190.0,104500.0
2015-02-25,201502252499941,JBBL,5,21,300,191.0,57300.0
2015-02-25,201502252499781,JBBL,57,21,180,190.0,34200.0
2015-02-25,201502252499993,JBNL,7,10,443,272.0,120496.0
2015-02-25,201502252499672,JBNL,57,48,1000,271.0,271000.0
2015-02-25,201502252499594,JBNL,38,43,587,270.0,158490.0
2015-02-25,201502252499912,JFL,50,1,100,400.0,40000.0
2015-02-25,201502252499634,KADBL,46,21,100,349.0,34900.0
2015-02-25,201502252499976,KBL,49,16,576,390.0,224640.0
2015-02-25,201502252499894,KBL,10,26,98,391.0,38318.0
2015-02-25,201502252499674,KBL,5,19,86,392.0,33712.0
2015-02-25,201502252499650,KBL,48,5,135,391.0,52785.0
2015-02-25,201502252499649,KBL,48,28,230,391.0,89930.0
2015-02-25,201502252499767,KCDBL,22,11,17,247.0,4199.0
2015-02-25,201502252499764,KCDBL,22,21,17,245.0,4165.0
2015-02-25,201502252499755,KCDBL,22,1,14,245.0,3430.0
2015-02-25,201502252499732,KCDBL,22,11,12,243.0,2916.0
2015-02-25,201502252499724,KCDBL,22,11,12,242.0,2904.0
2015-02-25,201502252499719,KCDBL,22,11,12,242.0,2904.0
2015-02-25,201502252499628,KCDBL,22,29,17,238.0,4046.0
2015-02-25,201502252499604,KCDBL,22,11,12,239.0,2868.0
2015-02-25,201502252499566,KCDBL,22,11,12,238.0,2856.0
2015-02-25,201502252499701,KCDBL,17,26,295,242.0,71390.0
2015-02-25,201502252499698,KCDBL,17,26,301,242.0,72842.0
2015-02-25,201502252499692,KCDBL,17,26,295,242.0,71390.0
2015-02-25,201502252499678,KCDBL,17,11,12,242.0,2904.0
2015-02-25,201502252499641,KCDBL,22,11,12,239.0,2868.0
2015-02-25,201502252499636,KCDBL,22,11,12,239.0,2868.0
2015-02-25,201502252499867,KDBL,41,6,21,144.0,3024.0
2015-02-25,201502252499670,KDBL,10,28,697,142.0,98974.0
2015-02-25,201502252499659,KDBL,29,6,21,143.0,3003.0
2015-02-25,201502252499642,KDBL,29,11,21,142.0,2982.0
2015-02-25,201502252500011,KEBL,28,55,51,580.0,29580.0
2015-02-25,201502252499948,KEBL,45,50,1000,585.0,585000.0
2015-02-25,201502252499911,KEBL,45,26,1000,588.0,588000.0
2015-02-25,201502252500009,KFL,6,32,300,160.0,48000.0
2015-02-25,201502252499876,KMCDB,16,11,90,1055.0,94950.0
2015-02-25,201502252499875,KMCDB,16,33,10,1055.0,10550.0
2015-02-25,201502252499809,KMCDB,51,45,10,1051.0,10510.0
2015-02-25,201502252499868,KNBL,16,45,54,270.0,14580.0
2015-02-25,201502252499934,KRBL,54,32,10,335.0,3350.0
2015-02-25,201502252499891,KRBL,54,20,150,335.0,50250.0
2015-02-25,201502252499830,KRBL,54,45,70,335.0,23450.0
2015-02-25,201502252499829,KRBL,54,45,70,335.0,23450.0
2015-02-25,201502252499828,KRBL,54,20,180,334.0,60120.0
2015-02-25,201502252500025,LFLC,36,1,27,215.0,5805.0
2015-02-25,201502252499618,LFLC,6,39,347,217.0,75299.0
2015-02-25,201502252500033,LLBS,6,58,20,985.0,19700.0
2015-02-25,201502252500010,LLBS,38,38,10,985.0,9850.0
2015-02-25,201502252499984,LLBS,20,38,10,966.0,9660.0
2015-02-25,201502252499982,LUBL,6,43,500,355.0,177500.0
2015-02-25,201502252499964,LUBL,46,7,78,352.0,27456.0
2015-02-25,201502252499935,LUBL,10,10,577,352.0,203104.0
2015-02-25,201502252499702,LUBL,5,6,198,355.0,70290.0
2015-02-25,201502252499696,LUBL,5,45,131,355.0,46505.0
2015-02-25,201502252499569,LUBL,6,33,267,354.0,94518.0
2015-02-25,201502252500020,MBBL,22,22,160,213.0,34080.0
2015-02-25,201502252499793,MBBL,45,26,696,212.0,147552.0
2015-02-25,201502252499746,MBBL,50,26,212,211.0,44732.0
2015-02-25,201502252499735,MBBL,32,26,500,212.0,106000.0
2015-02-25,201502252499815,MBL,48,54,200,557.0,111400.0
2015-02-25,201502252499803,MBL,48,54,300,557.0,167100.0
2015-02-25,201502252499700,MBL,45,53,100,560.0,56000.0
2015-02-25,201502252499689,MBL,45,47,330,559.0,184470.0
2015-02-25,201502252499682,MBL,45,16,187,558.0,104346.0
2015-02-25,201502252499681,MBL,45,16,200,558.0,111600.0
2015-02-25,201502252499565,MBL,37,16,90,558.0,50220.0
2015-02-25,201502252499633,MDB,41,11,48,500.0,24000.0
2015-02-25,201502252499631,MDB,41,11,48,500.0,24000.0
2015-02-25,201502252499627,MDB,41,28,460,499.0,229540.0
2015-02-25,201502252499794,MDBL,25,25,37,228.0,8436.0
2015-02-25,201502252499770,MDBL,19,47,500,230.0,115000.0
2015-02-25,201502252499750,MMDBL,16,10,10,608.0,6080.0
2015-02-25,201502252499626,MNBBL,14,14,56,575.0,32200.0
2015-02-25,201502252499617,MNBBL,14,45,10,573.0,5730.0
2015-02-25,201502252499615,MNBBL,41,45,50,572.0,28600.0
2015-02-25,201502252499611,MNBBL,14,45,145,571.0,82795.0
2015-02-25,201502252499944,MPFL,32,7,60,144.0,8640.0
2015-02-25,201502252500048,NABIL,37,17,51,1952.0,99552.0
2015-02-25,201502252499999,NABIL,22,22,107,1947.0,208329.0
2015-02-25,201502252499816,NABIL,46,22,91,1940.0,176540.0
2015-02-25,201502252499667,NABIL,32,32,30,1952.0,58560.0
2015-02-25,201502252500003,NBB,36,42,100,514.0,51400.0
2015-02-25,201502252499983,NBB,5,13,210,516.0,108360.0
2015-02-25,201502252499978,NBB,6,45,500,514.0,257000.0
2015-02-25,201502252499925,NBB,48,11,391,515.0,201365.0
2015-02-25,201502252499909,NBB,10,10,519,514.0,266766.0
2015-02-25,201502252499870,NBB,8,22,129,515.0,66435.0
2015-02-25,201502252499738,NBB,5,28,70,515.0,36050.0
2015-02-25,201502252499736,NBB,48,32,1355,514.0,696470.0
2015-02-25,201502252499645,NBB,54,28,1375,513.0,705375.0
2015-02-25,201502252499571,NBB,35,57,1000,512.0,512000.0
2015-02-25,201502252499859,NBB,8,6,30,515.0,15450.0
2015-02-25,201502252499785,NBB,6,32,1000,515.0,515000.0
2015-02-25,201502252499776,NBB,10,6,210,518.0,108780.0
2015-02-25,201502252499751,NBB,5,36,200,516.0,103200.0
2015-02-25,201502252499748,NBB,5,13,27,516.0,13932.0
2015-02-25,201502252499739,NBB,5,36,500,515.0,257500.0
2015-02-25,201502252499799,NBF1,6,32,4575,13.9,63592.5
2015-02-25,201502252499786,NBF1,6,8,9149,13.88,126988.12
2015-02-25,201502252499773,NBF1,53,47,300,13.8,4140.0
2015-02-25,201502252499771,NBF1,53,47,300,13.8,4140.0
2015-02-25,201502252499668,NBF1,49,33,9044,13.7,123902.8
2015-02-25,201502252499651,NBF1,6,33,2991,13.65,40827.15
2015-02-25,201502252499789,NBL,48,33,200,324.0,64800.0
2015-02-25,201502252499788,NBL,6,33,500,324.0,162000.0
2015-02-25,201502252499763,NBL,17,19,41,326.0,13366.0
2015-02-25,201502252499662,NBL,8,35,820,321.0,263220.0
2015-02-25,201502252499866,NCCB,26,39,210,615.0,129150.0
2015-02-25,201502252499706,NCCB,26,37,105,611.0,64155.0
2015-02-25,201502252500024,NCDB,48,11,28,260.0,7280.0
2015-02-25,201502252499853,NCDB,50,11,28,255.0,7140.0
2015-02-25,201502252499897,NGBL,50,39,500,315.0,157500.0
2015-02-25,201502252499896,NGBL,13,39,500,316.0,158000.0
2015-02-25,201502252499895,NGBL,21,39,200,317.0,63400.0
2015-02-25,201502252499841,NGBL,29,39,230,318.0,73140.0
2015-02-25,201502252499840,NGBL,6,39,100,319.0,31900.0
2015-02-25,201502252499683,NGBL,51,26,500,320.0,160000.0
2015-02-25,201502252499992,NHPC,49,49,1000,122.0,122000.0
2015-02-25,201502252499954,NHPC,49,54,2000,120.0,240000.0
2015-02-25,201502252499756,NHPC,47,21,1000,121.0,121000.0
2015-02-25,201502252499690,NHPC,7,39,1000,121.0,121000.0
2015-02-25,201502252500061,NIB,29,4,79,726.0,57354.0
2015-02-25,201502252500006,NIB,22,19,100,730.0,73000.0
2015-02-25,201502252499945,NIB,55,46,300,729.0,218700.0
2015-02-25,201502252499888,NIB,17,42,300,727.0,218100.0
2015-02-25,201502252499762,NIB,52,42,200,726.0,145200.0
2015-02-25,201502252499761,NIB,51,42,200,727.0,145400.0
2015-02-25,201502252499760,NIB,22,42,100,727.0,72700.0
2015-02-25,201502252499759,NIB,22,42,100,727.0,72700.0
2015-02-25,201502252499758,NIB,47,42,180,728.0,131040.0
2015-02-25,201502252499757,NIB,13,42,200,728.0,145600.0
2015-02-25,201502252499936,NIBPO,54,32,500,480.0,240000.0
2015-02-25,201502252499784,NIBPO,59,32,500,480.0,240000.0
2015-02-25,201502252499783,NIBPO,11,32,200,480.0,96000.0
2015-02-25,201502252500053,NIBSF1,32,39,5000,10.75,53750.0
2015-02-25,201502252499951,NIBSF1,22,7,2500,10.76,26900.0
2015-02-25,201502252499937,NIBSF1,22,7,2500,10.76,26900.0
2015-02-25,201502252499927,NICA,17,13,121,660.0,79860.0
2015-02-25,201502252499921,NICA,5,5,22,664.0,14608.0
2015-02-25,201502252499920,NICA,5,29,450,664.0,298800.0
2015-02-25,201502252499832,NICA,21,50,220,662.0,145640.0
2015-02-25,201502252499721,NICA,17,6,60,661.0,39660.0
2015-02-25,201502252499720,NICA,17,38,60,661.0,39660.0
2015-02-25,201502252499693,NICA,17,42,1610,658.0,1059380.0
2015-02-25,201502252499887,NIL,58,8,200,585.0,117000.0
2015-02-25,201502252499886,NIL,42,8,90,589.0,53010.0
2015-02-25,201502252499885,NIL,3,8,50,590.0,29500.0
2015-02-25,201502252499884,NIL,33,8,200,591.0,118200.0
2015-02-25,201502252500045,NLG,19,48,107,690.0,73830.0
2015-02-25,201502252499987,NLG,19,1,400,695.0,278000.0
2015-02-25,201502252499986,NLG,19,41,100,694.0,69400.0
2015-02-25,201502252499903,NLG,29,26,14,690.0,9660.0
2015-02-25,201502252499685,NLG,35,41,100,692.0,69200.0
2015-02-25,201502252500060,NLIC,57,32,100,4689.0,468900.0
2015-02-25,201502252500059,NLIC,57,32,100,4689.0,468900.0
2015-02-25,201502252500056,NLIC,57,54,90,4675.0,420750.0
2015-02-25,201502252500031,NLIC,34,54,20,4680.0,93600.0
2015-02-25,201502252499869,NLIC,44,32,100,4685.0,468500.0
2015-02-25,201502252499723,NLIC,8,32,100,4685.0,468500.0
2015-02-25,201502252499687,NLIC,48,32,10,4780.0,47800.0
2015-02-25,201502252500001,NLICL,28,32,95,2519.0,239305.0
2015-02-25,201502252499940,NLICL,36,36,245,2500.0,612500.0
2015-02-25,201502252499851,NLICL,48,44,200,2520.0,504000.0
2015-02-25,201502252499777,NLICL,34,34,200,2515.0,503000.0
2015-02-25,201502252499747,NMBSF1,17,35,5220,10.3,53766.0
2015-02-25,201502252499962,NNLB,44,26,532,1025.0,545300.0
2015-02-25,201502252499961,NNLB,44,29,10,1024.0,10240.0
2015-02-25,201502252499960,NNLB,44,3,10,1020.0,10200.0
2015-02-25,201502252499819,NUBL,6,6,18,1310.0,23580.0
2015-02-25,201502252499587,NUBL,1,45,146,1300.0,189800.0
2015-02-25,201502252499805,OHL,14,33,500,725.0,362500.0
2015-02-25,201502252499923,PADBL,59,47,201,444.0,89244.0
2015-02-25,201502252499792,PADBL,11,39,20,436.0,8720.0
2015-02-25,201502252499791,PADBL,11,58,300,436.0,130800.0
2015-02-25,201502252499790,PADBL,11,57,461,434.0,200074.0
2015-02-25,201502252500015,PCBL,32,51,53,455.0,24115.0
2015-02-25,201502252499610,PCBL,5,6,53,458.0,24274.0
2015-02-25,201502252499598,PCBL,26,13,12,458.0,5496.0
2015-02-25,201502252499595,PCBL,26,5,80,455.0,36400.0
2015-02-25,201502252499593,PCBL,5,13,12,455.0,5460.0
2015-02-25,201502252499823,PIC,38,35,96,980.0,94080.0
2015-02-25,201502252500049,PLIC,49,6,67,1110.0,74370.0
2015-02-25,201502252499855,PLIC,49,29,23,1110.0,25530.0
2015-02-25,201502252499852,PLIC,20,29,57,1111.0,63327.0
2015-02-25,201502252499643,PLIC,37,6,12,1115.0,13380.0
2015-02-25,201502252499638,PLIC,37,38,13,1115.0,14495.0
2015-02-25,201502252499603,PLIC,49,28,810,1110.0,899100.0
2015-02-25,201502252499602,PLIC,49,45,100,1108.0,110800.0
2015-02-25,201502252499562,PLIC,59,45,112,1104.0,123648.0
2015-02-25,201502252500044,PRVU,42,59,1107,335.0,370845.0
2015-02-25,201502252500035,PRVU,42,10,1152,335.0,385920.0
2015-02-25,201502252500029,PRVU,42,41,395,335.0,132325.0
2015-02-25,201502252500028,PRVU,42,38,11,335.0,3685.0
2015-02-25,201502252500027,PRVU,42,5,45,335.0,15075.0
2015-02-25,201502252500026,PRVU,42,16,250,335.0,83750.0
2015-02-25,201502252499585,PRVU,49,29,87,332.0,28884.0
2015-02-25,201502252499581,PRVU,49,35,1537,332.0,510284.0
2015-02-25,201502252499575,PRVU,21,21,950,332.0,315400.0
2015-02-25,201502252499737,PRVU,19,38,11,333.0,3663.0
2015-02-25,201502252499734,PRVU,22,38,11,334.0,3674.0
2015-02-25,201502252499726,PRVU,38,8,1114,332.0,369848.0
2015-02-25,201502252499725,PRVU,38,35,1300,332.0,431600.0
2015-02-25,201502252499707,PRVU,21,4,500,332.0,166000.0
2015-02-25,201502252499686,PRVU,22,21,72,334.0,24048.0
2015-02-25,201502252499775,PRVU,22,6,200,334.0,66800.0
2015-02-25,201502252499768,PRVU,57,32,538,333.0,179154.0
2015-02-25,201502252499753,PRVU,51,38,11,333.0,3663.0
2015-02-25,201502252499752,PRVU,13,38,11,333.0,3663.0
2015-02-25,201502252499749,PRVU,49,38,11,333.0,3663.0
2015-02-25,201502252499745,PRVU,6,38,11,333.0,3663.0
2015-02-25,201502252499922,PRVU,45,44,1946,332.0,646072.0
2015-02-25,201502252499900,PRVU,10,10,449,332.0,149068.0
2015-02-25,201502252499856,PRVU,22,20,213,332.0,70716.0
2015-02-25,201502252499846,PRVU,21,51,133,333.0,44289.0
2015-02-25,201502252499796,PRVU,16,32,500,333.0,166500.0
2015-02-25,201502252500023,PRVU,42,28,97,335.0,32495.0
2015-02-25,201502252499977,PRVU,21,32,1000,333.0,333000.0
2015-02-25,201502252499958,PRVU,42,11,501,333.0,166833.0
2015-02-25,201502252499955,PRVU,16,45,500,332.0,166000.0
2015-02-25,201502252499947,PRVU,6,47,193,334.0,64462.0
2015-02-25,201502252499956,PURBL,5,40,22,392.0,8624.0
2015-02-25,201502252499979,REDBL,48,48,200,225.0,45000.0
2015-02-25,201502252499714,REDBL,59,43,26,225.0,5850.0
2015-02-25,201502252500022,RHPC,21,19,84,486.0,40824.0
2015-02-25,201502252499963,RHPC,43,19,187,487.0,91069.0
2015-02-25,201502252499919,RHPC,5,19,99,488.0,48312.0
2015-02-25,201502252499878,RHPC,51,19,99,488.0,48312.0
2015-02-25,201502252499838,RHPC,5,19,198,488.0,96624.0
2015-02-25,201502252499820,RHPC,41,41,80,488.0,39040.0
2015-02-25,201502252499717,RHPC,43,11,10,487.0,4870.0
2015-02-25,201502252499648,RHPC,21,11,10,486.0,4860.0
2015-02-25,201502252500043,RMDC,25,21,12,738.0,8856.0
2015-02-25,201502252499932,RMDC,51,57,33,728.0,24024.0
2015-02-25,201502252499713,RMDC,49,36,300,728.0,218400.0
2015-02-25,201502252499688,RMDC,8,32,34,730.0,24820.0
2015-02-25,201502252499684,RMDC,8,32,34,730.0,24820.0
2015-02-25,201502252499680,RMDC,8,32,34,730.0,24820.0
2015-02-25,201502252499588,RMDC,16,53,33,727.0,23991.0
2015-02-25,201502252499583,RMDC,17,32,34,730.0,24820.0
2015-02-25,201502252499578,RMDC,16,53,33,727.0,23991.0
2015-02-25,201502252499577,RMDC,17,32,34,730.0,24820.0
2015-02-25,201502252499813,SANIMA,35,14,591,549.0,324459.0
2015-02-25,201502252499812,SANIMA,35,46,500,548.0,274000.0
2015-02-25,201502252499705,SANIMA,50,43,200,548.0,109600.0
2015-02-25,201502252499679,SANIMA,16,47,32,548.0,17536.0
2015-02-25,201502252499601,SANIMA,47,47,796,543.0,432228.0
2015-02-25,201502252499579,SANIMA,47,47,796,543.0,432228.0
2015-02-25,201502252500040,SBBLJ,50,59,559,408.0,228072.0
2015-02-25,201502252499991,SBBLJ,14,59,100,407.0,40700.0
2015-02-25,201502252499990,SBBLJ,50,59,500,408.0,204000.0
2015-02-25,201502252499989,SBBLJ,32,59,100,408.0,40800.0
2015-02-25,201502252499946,SBBLJ,50,52,500,408.0,204000.0
2015-02-25,201502252500036,SBL,22,40,103,678.0,69834.0
2015-02-25,201502252500016,SBL,13,35,33,684.0,22572.0
2015-02-25,201502252499980,SBL,42,25,795,683.0,542985.0
2015-02-25,201502252499965,SBL,57,32,63,683.0,43029.0
2015-02-25,201502252499899,SBL,53,26,26,678.0,17628.0
2015-02-25,201502252499889,SBL,6,22,39,680.0,26520.0
2015-02-25,201502252499881,SBL,32,22,78,681.0,53118.0
2015-02-25,201502252499563,SBL,59,14,120,680.0,81600.0
2015-02-25,201502252499914,SDBL,21,13,360,206.0,74160.0
2015-02-25,201502252499871,SDBL,42,46,1000,205.0,205000.0
2015-02-25,201502252499837,SDBL,5,17,140,206.0,28840.0
2015-02-25,201502252499804,SDBL,59,13,500,202.0,101000.0
2015-02-25,201502252499996,SEOS,11,28,2000,10.15,20300.0
2015-02-25,201502252499981,SEOS,11,28,1000,10.15,10150.0
2015-02-25,201502252499906,SEOS,10,28,5000,10.16,50800.0
2015-02-25,201502252499904,SEOS,10,28,5000,10.16,50800.0
2015-02-25,201502252499957,SHBL,56,22,14,1058.0,14812.0
2015-02-25,201502252499890,SHBL,56,28,10,1040.0,10400.0
2015-02-25,201502252499882,SHBL,56,28,10,1040.0,10400.0
2015-02-25,201502252499879,SHBL,56,28,10,1040.0,10400.0
2015-02-25,201502252499854,SHBL,26,26,10,1041.0,10410.0
2015-02-25,201502252499691,SHBL,56,33,10,1050.0,10500.0
2015-02-25,201502252499847,SHINE,35,28,575,363.0,208725.0
2015-02-25,201502252499833,SHINE,35,26,68,363.0,24684.0
2015-02-25,201502252499605,SHL,4,32,100,464.0,46400.0
2015-02-25,201502252499915,SHPC,13,52,18,773.0,13914.0
2015-02-25,201502252499905,SHPC,13,52,10,773.0,7730.0
2015-02-25,201502252499695,SHPC,38,19,234,774.0,181116.0
2015-02-25,201502252499647,SHPC,13,26,223,777.0,173271.0
2015-02-25,201502252499625,SHPC,13,11,12,770.0,9240.0
2015-02-25,201502252499599,SHPC,57,49,596,775.0,461900.0
2015-02-25,201502252499590,SHPC,57,4,511,774.0,395514.0
2015-02-25,201502252499568,SHPC,13,19,100,773.0,77300.0
2015-02-25,201502252499567,SHPC,13,11,12,771.0,9252.0
2015-02-25,201502252500018,SIC,19,14,140,1100.0,154000.0
2015-02-25,201502252499864,SIC,19,5,75,1100.0,82500.0
2015-02-25,201502252499774,SIC,19,14,128,1100.0,140800.0
2015-02-25,201502252499733,SIC,19,19,240,1100.0,264000.0
2015-02-25,201502252499730,SIC,19,19,26,1100.0,28600.0
2015-02-25,201502252499621,SIC,19,55,120,1100.0,132000.0
2015-02-25,201502252499620,SIC,19,5,75,1100.0,82500.0
2015-02-25,201502252499910,SIGS1,55,26,5000,15.38,76900.0
2015-02-25,201502252499844,SIGS1,6,51,2000,15.49,30980.0
2015-02-25,201502252499843,SIGS1,6,51,2000,15.49,30980.0
2015-02-25,201502252499836,SIGS1,6,6,300,15.39,4617.0
2015-02-25,201502252499818,SIL,43,43,25,725.0,18125.0
2015-02-25,201502252499807,SIL,43,43,25,725.0,18125.0
2015-02-25,201502252499797,SIL,43,43,25,725.0,18125.0
2015-02-25,201502252499917,SINDU,50,43,500,230.0,115000.0
2015-02-25,201502252499913,SINDU,16,43,100,231.0,23100.0
2015-02-25,201502252499892,SINDU,21,13,1000,229.0,229000.0
2015-02-25,201502252499592,SINDU,21,13,300,233.0,69900.0
2015-02-25,201502252500012,SKBBL,11,48,18,1560.0,28080.0
2015-02-25,201502252499814,SKBBL,26,49,300,1550.0,465000.0
2015-02-25,201502252499722,SKBBL,11,32,12,1555.0,18660.0
2015-02-25,201502252499644,SKBBL,43,32,12,1555.0,18660.0
2015-02-25,201502252499639,SKBBL,6,32,12,1555.0,18660.0
2015-02-25,201502252499632,SKBBL,6,32,12,1555.0,18660.0
2015-02-25,201502252499629,SKBBL,6,32,12,1555.0,18660.0
2015-02-25,201502252499640,SLICL,50,42,70,627.0,43890.0
2015-02-25,201502252499822,SRBL,46,50,16,402.0,6432.0
2015-02-25,201502252499596,SRBL,28,8,1000,401.0,401000.0
2015-02-25,201502252499589,SRBL,28,44,78,400.0,31200.0
2015-02-25,201502252499584,SRBL,28,16,26,398.0,10348.0
2015-02-25,201502252499580,SRBL,28,39,62,397.0,24614.0
2015-02-25,201502252499576,SRBL,28,17,71,395.0,28045.0
2015-02-25,201502252499893,SUBBL,17,7,59,292.0,17228.0
2015-02-25,201502252499675,SUBBL,50,50,188,290.0,54520.0
2015-02-25,201502252500037,SUPRME,49,28,1890,167.0,315630.0
2015-02-25,201502252499834,SUPRME,10,10,880,167.0,146960.0
2015-02-25,201502252499669,SUPRME,26,26,300,168.0,50400.0
2015-02-25,201502252499766,SWBBL,33,33,200,1645.0,329000.0
2015-02-25,201502252500051,SYFL,4,45,300,102.0,30600.0
2015-02-25,201502252500034,SYFL,4,51,500,101.0,50500.0
2015-02-25,201502252499564,UFL,17,39,355,232.0,82360.0
2015-02-25,201502252500046,UIC,26,29,24,975.0,23400.0
2015-02-25,201502252499699,VBBL,32,26,70,151.0,10570.0
2015-02-25,201502252499677,VBBL,51,7,80,152.0,12160.0
2015-02-25,201502252499676,VBBL,28,7,80,152.0,12160.0
2015-02-25,201502252499652,VBBL,28,26,70,152.0,10640.0
2015-02-25,201502252499616,VBBL,51,39,1000,152.0,152000.0
2015-02-25,201502252499635,WDBL,51,21,183,344.0,62952.0
2015-02-25,201502252499943,YETI,45,26,70,128.0,8960.0
2015-02-25,201502252499780,YETI,45,29,200,128.0,25600.0
2015-02-25,201502252499744,YETI,45,13,20,128.0,2560.0
2015-02-25,201502252499743,YETI,45,13,20,128.0,2560.0
2015-02-25,201502252499742,YETI,45,13,20,128.0,2560.0
2015-02-25,201502252499741,YETI,45,13,20,128.0,2560.0
2015-02-25,201502252499656,YETI,45,29,11,127.0,1397.0
2015-02-25,201502252499655,YETI,45,29,11,127.0,1397.0
2015-02-25,201502252499654,YETI,45,29,11,127.0,1397.0
2015-02-25,201502252499653,YETI,45,29,11,127.0,1397.0
2015-02-25,201502252499623,YETI,45,29,11,127.0,1397.0
2015-02-25,201502252499740,YETI,45,13,20,128.0,2560.0
2015-02-25,201502252499712,YETI,28,29,11,127.0,1397.0
2015-02-25,201502252499665,YETI,45,29,11,127.0,1397.0
2015-02-25,201502252499664,YETI,45,29,11,127.0,1397.0
2015-02-25,201502252499663,YETI,45,29,11,127.0,1397.0
2015-02-25,201502252499657,YETI,45,29,11,127.0,1397.0
2015-02-25,201502252498730,ACEDBL,56,28,67,262.0,17554.0
2015-02-25,201502252499011,ADBL,44,44,10,470.0,4700.0
2015-02-25,201502252498953,ADBL,5,38,70,469.0,32830.0
2015-02-25,201502252498952,ADBL,5,33,40,469.0,18760.0
2015-02-25,201502252498951,ADBL,5,53,30,468.0,14040.0
2015-02-25,201502252498684,ADBL,5,19,40,465.0,18600.0
2015-02-25,201502252498636,ADBL,5,5,70,465.0,32550.0
2015-02-25,201502252498618,ADBL,5,5,70,465.0,32550.0
2015-02-25,201502252498606,ADBL,5,5,70,465.0,32550.0
2015-02-25,201502252498601,ADBL,5,5,70,465.0,32550.0
2015-02-25,201502252498578,ADBL,5,33,40,465.0,18600.0
2015-02-25,201502252499038,AHPC,51,49,21,344.0,7224.0
2015-02-25,201502252499006,AHPC,38,55,500,343.0,171500.0
2015-02-25,201502252499005,AHPC,21,55,200,343.0,68600.0
2015-02-25,201502252499004,AHPC,5,55,500,344.0,172000.0
2015-02-25,201502252499003,AHPC,52,55,100,344.0,34400.0
2015-02-25,201502252499002,AHPC,13,55,500,345.0,172500.0
2015-02-25,201502252498779,AHPC,22,11,750,348.0,261000.0
2015-02-25,201502252498867,AHPC,38,55,500,348.0,174000.0
2015-02-25,201502252498780,AHPC,22,58,137,348.0,47676.0
2015-02-25,201502252499001,AHPC,16,55,100,345.0,34500.0
2015-02-25,201502252499000,AHPC,22,55,70,347.0,24290.0
2015-02-25,201502252498997,AHPC,5,19,15,350.0,5250.0
2015-02-25,201502252498925,AHPC,5,11,46,350.0,16100.0
2015-02-25,201502252498921,AHPC,5,58,136,350.0,47600.0
2015-02-25,201502252498920,AHPC,5,21,220,350.0,77000.0
2015-02-25,201502252499020,ALICL,55,29,74,1245.0,92130.0
2015-02-25,201502252499013,ALICL,55,45,59,1245.0,73455.0
2015-02-25,201502252498914,ALICL,59,49,24,1242.0,29808.0
2015-02-25,201502252498911,ALICL,59,49,630,1242.0,782460.0
2015-02-25,201502252498910,ALICL,16,49,60,1242.0,74520.0
2015-02-25,201502252498909,ALICL,44,49,150,1243.0,186450.0
2015-02-25,201502252498908,ALICL,44,49,50,1245.0,62250.0
2015-02-25,201502252498834,ALICL,47,16,93,1245.0,115785.0
2015-02-25,201502252498971,APEX,3,45,200,126.0,25200.0
2015-02-25,201502252498577,APEX,25,25,152,124.0,18848.0
2015-02-25,201502252498937,ARDBL,33,59,21,196.0,4116.0
2015-02-25,201502252498980,BHBL,35,59,70,290.0,20300.0
2015-02-25,201502252498978,BHBL,35,57,130,290.0,37700.0
2015-02-25,201502252499012,BLDBL,55,25,28,352.0,9856.0
2015-02-25,201502252498995,BLDBL,17,25,982,347.0,340754.0
2015-02-25,201502252498992,BLDBL,17,19,127,350.0,44450.0
2015-02-25,201502252498876,BLDBL,17,6,200,354.0,70800.0
2015-02-25,201502252498839,BLDBL,55,6,81,350.0,28350.0
2015-02-25,201502252498581,BPCL,49,49,3000,630.0,1890000.0
2015-02-25,201502252498576,BPCL,49,49,5292,630.0,3333960.0
2015-02-25,201502252498575,BPCL,49,49,2000,630.0,1260000.0
2015-02-25,201502252498895,BUDBL,58,50,97,230.0,22310.0
2015-02-25,201502252498975,CBBL,38,28,53,1555.0,82415.0
2015-02-25,201502252498967,CBBL,38,28,53,1552.0,82256.0
2015-02-25,201502252499053,CBL,37,49,122,295.0,35990.0
2015-02-25,201502252499050,CBL,48,6,102,295.0,30090.0
2015-02-25,201502252499045,CBL,48,35,54,295.0,15930.0
2015-02-25,201502252499040,CBL,48,13,26,295.0,7670.0
2015-02-25,201502252499034,CBL,48,42,56,295.0,16520.0
2015-02-25,201502252499033,CBL,48,50,200,295.0,59000.0
2015-02-25,201502252498959,CBL,20,21,672,294.0,197568.0
2015-02-25,201502252498734,CBL,39,21,16,294.0,4704.0
2015-02-25,201502252498626,CBL,48,32,102,294.0,29988.0
2015-02-25,201502252498608,CBL,48,16,135,294.0,39690.0
2015-02-25,201502252498719,CCBL,13,17,40,326.0,13040.0
2015-02-25,201502252498718,CCBL,13,38,40,325.0,13000.0
2015-02-25,201502252498717,CCBL,13,38,40,325.0,13000.0
2015-02-25,201502252498640,CCBL,25,38,91,325.0,29575.0
2015-02-25,201502252498639,CCBL,25,42,40,325.0,13000.0
2015-02-25,201502252498638,CCBL,25,42,40,325.0,13000.0
2015-02-25,201502252498599,CCBL,46,46,61,323.0,19703.0
2015-02-25,201502252498563,CCBL,46,46,39,323.0,12597.0
2015-02-25,201502252498637,CCBL,25,42,40,325.0,13000.0
2015-02-25,201502252498635,CCBL,37,37,10,325.0,3250.0
2015-02-25,201502252498631,CCBL,37,37,10,325.0,3250.0
2015-02-25,201502252498619,CCBL,25,47,16,324.0,5184.0
2015-02-25,201502252498616,CCBL,25,1,16,324.0,5184.0
2015-02-25,201502252498615,CCBL,25,16,40,324.0,12960.0
2015-02-25,201502252499015,CDBL,11,14,20,351.0,7020.0
2015-02-25,201502252499018,CFCL,6,6,816,200.0,163200.0
2015-02-25,201502252499014,CFCL,6,44,19,200.0,3800.0
2015-02-25,201502252498973,CFCL,21,26,500,199.0,99500.0
2015-02-25,201502252498963,CFCL,26,44,186,200.0,37200.0
2015-02-25,201502252498931,CFCL,25,13,966,201.0,194166.0
2015-02-25,201502252498886,CFCL,21,21,500,200.0,100000.0
2015-02-25,201502252498785,CFCL,25,14,272,199.0,54128.0
2015-02-25,201502252498759,CFCL,25,13,300,200.0,60000.0
2015-02-25,201502252498753,CFCL,14,26,336,200.0,67200.0
2015-02-25,201502252498716,CFCL,25,6,300,201.0,60300.0
2015-02-25,201502252498705,CFCL,25,16,200,201.0,40200.0
2015-02-25,201502252498663,CFCL,25,16,1000,201.0,201000.0
2015-02-25,201502252499035,CHCL,5,21,133,1600.0,212800.0
2015-02-25,201502252499032,CHCL,5,4,22,1600.0,35200.0
2015-02-25,201502252498915,CHCL,54,51,360,1601.0,576360.0
2015-02-25,201502252498890,CHCL,54,51,48,1601.0,76848.0
2015-02-25,201502252498889,CHCL,54,51,70,1601.0,112070.0
2015-02-25,201502252498811,CHCL,35,10,500,1600.0,800000.0
2015-02-25,201502252498710,CHCL,5,55,200,1597.0,319400.0
2015-02-25,201502252498665,CHCL,37,1,18,1594.0,28692.0
2015-02-25,201502252498662,CHCL,37,55,200,1598.0,319600.0
2015-02-25,201502252498654,CHCL,53,55,300,1595.0,478500.0
2015-02-25,201502252498570,CHCL,50,41,36,1595.0,57420.0
2015-02-25,201502252498788,CHCL,52,45,26,1601.0,41626.0
2015-02-25,201502252498763,CHCL,35,21,131,1598.0,209338.0
2015-02-25,201502252498743,CHCL,35,14,243,1598.0,388314.0
2015-02-25,201502252498725,CHCL,42,14,200,1595.0,319000.0
2015-02-25,201502252498712,CHCL,5,55,100,1599.0,159900.0
2015-02-25,201502252498711,CHCL,5,55,200,1598.0,319600.0
2015-02-25,201502252498918,CIT,47,32,60,3610.0,216600.0
2015-02-25,201502252499054,CIVIC,16,29,71,410.0,29110.0
2015-02-25,201502252499031,CIVIC,14,48,405,410.0,166050.0
2015-02-25,201502252498695,CNDBL,32,36,40,177.0,7080.0
2015-02-25,201502252499043,CSDBL,10,26,185,290.0,53650.0
2015-02-25,201502252498930,CSDBL,10,26,73,287.0,20951.0
2015-02-25,201502252498927,CSDBL,10,13,233,287.0,66871.0
2015-02-25,201502252498874,CSDBL,46,38,150,283.0,42450.0
2015-02-25,201502252498611,CSDBL,46,13,10,282.0,2820.0
2015-02-25,201502252498610,CSDBL,46,13,10,282.0,2820.0
2015-02-25,201502252498609,CSDBL,46,13,10,282.0,2820.0
2015-02-25,201502252498769,CZBIL,13,42,12,454.0,5448.0
2015-02-25,201502252498690,CZBIL,33,50,300,455.0,136500.0
2015-02-25,201502252498858,DDBL,36,32,100,1235.0,123500.0
2015-02-25,201502252498857,DDBL,36,21,100,1230.0,123000.0
2015-02-25,201502252498668,DDBL,44,28,500,1212.0,606000.0
2015-02-25,201502252498999,EBL,20,49,101,2120.0,214120.0
2015-02-25,201502252498923,EBL,42,11,30,2115.0,63450.0
2015-02-25,201502252498816,EBL,34,49,228,2115.0,482220.0
2015-02-25,201502252498800,EBL,32,50,50,2120.0,106000.0
2015-02-25,201502252499058,EIC,25,19,17,970.0,16490.0
2015-02-25,201502252498945,EIC,45,17,30,985.0,29550.0
2015-02-25,201502252498772,EIC,26,17,100,982.0,98200.0
2015-02-25,201502252498633,EIC,42,17,100,975.0,97500.0
2015-02-25,201502252498621,EIC,58,41,33,970.0,32010.0
2015-02-25,201502252498617,EIC,25,41,33,970.0,32010.0
2015-02-25,201502252498571,EIC,45,44,200,975.0,195000.0
2015-02-25,201502252498560,EIC,55,56,100,982.0,98200.0
2015-02-25,201502252498622,EKBL,5,1,32,278.0,8896.0
2015-02-25,201502252498589,EKBL,50,50,324,280.0,90720.0
2015-02-25,201502252498587,EKBL,50,50,324,280.0,90720.0
2015-02-25,201502252498586,EKBL,50,50,324,280.0,90720.0
2015-02-25,201502252498906,GBBL,7,7,190,337.0,64030.0
2015-02-25,201502252498880,GBBL,7,7,221,337.0,74477.0
2015-02-25,201502252498871,GBBL,6,26,49,340.0,16660.0
2015-02-25,201502252498848,GBBL,41,7,158,338.0,53404.0
2015-02-25,201502252498805,GBBL,41,7,200,338.0,67600.0
2015-02-25,201502252498765,GBBL,11,7,126,338.0,42588.0
2015-02-25,201502252498751,GBBL,41,51,244,338.0,82472.0
2015-02-25,201502252498629,GBBL,25,14,19,342.0,6498.0
2015-02-25,201502252498998,GBIME,47,41,100,453.0,45300.0
2015-02-25,201502252498774,GBIME,17,11,52,456.0,23712.0
2015-02-25,201502252498685,GBIME,8,51,65,456.0,29640.0
2015-02-25,201502252498682,GBIME,32,51,57,456.0,25992.0
2015-02-25,201502252498678,GBIME,5,28,16,455.0,7280.0
2015-02-25,201502252498674,GBIME,5,28,24,455.0,10920.0
2015-02-25,201502252498670,GBIME,5,50,177,455.0,80535.0
2015-02-25,201502252498630,GBIME,32,28,16,452.0,7232.0
2015-02-25,201502252498612,GBIME,43,59,107,453.0,48471.0
2015-02-25,201502252498828,GFCL,40,11,70,223.0,15610.0
2015-02-25,201502252498823,GFCL,40,25,132,222.0,29304.0
2015-02-25,201502252499059,GLICL,44,1,14,548.0,7672.0
2015-02-25,201502252499056,GLICL,44,1,14,548.0,7672.0
2015-02-25,201502252499052,GLICL,44,1,14,548.0,7672.0
2015-02-25,201502252498844,HAMA,44,49,40,160.0,6400.0
2015-02-25,201502252498645,HAMA,8,37,140,157.0,21980.0
2015-02-25,201502252498810,HBL,36,28,15,898.0,13470.0
2015-02-25,201502252498689,HGI,13,41,167,456.0,76152.0
2015-02-25,201502252498671,HGI,13,39,445,456.0,202920.0
2015-02-25,201502252499060,ICFC,44,52,510,285.0,145350.0
2015-02-25,201502252499024,ICFC,45,40,500,285.0,142500.0
2015-02-25,201502252498996,ICFC,37,53,20,282.0,5640.0
2015-02-25,201502252498885,IDBL,52,7,356,184.0,65504.0
2015-02-25,201502252498879,IDBL,52,35,122,183.0,22326.0
2015-02-25,201502252498863,IDBL,42,38,475,182.0,86450.0
2015-02-25,201502252498787,IDBL,42,38,561,182.0,102102.0
2015-02-25,201502252498781,IDBL,42,38,475,182.0,86450.0
2015-02-25,201502252498775,IDBL,45,38,1000,182.0,182000.0
2015-02-25,201502252498837,INDBL,28,16,441,233.0,102753.0
2015-02-25,201502252498642,INDBL,42,57,500,230.0,115000.0
2015-02-25,201502252498641,INDBL,32,22,150,230.0,34500.0
2015-02-25,201502252499017,JBBL,1,45,535,196.0,104860.0
2015-02-25,201502252499007,JBBL,1,45,230,196.0,45080.0
2015-02-25,201502252498986,JBBL,1,34,139,194.0,26966.0
2015-02-25,201502252498981,JBBL,21,13,1000,193.0,193000.0
2015-02-25,201502252498924,JBBL,1,6,400,196.0,78400.0
2015-02-25,201502252498825,JBBL,1,52,170,196.0,33320.0
2015-02-25,201502252498731,JBBL,36,48,30,192.0,5760.0
2015-02-25,201502252498699,JBBL,58,16,500,190.0,95000.0
2015-02-25,201502252498698,JBBL,58,16,500,190.0,95000.0
2015-02-25,201502252498651,JBBL,14,48,500,190.0,95000.0
2015-02-25,201502252498598,JBBL,58,26,1470,190.0,279300.0
2015-02-25,201502252498814,JBBL,57,16,550,193.0,106150.0
2015-02-25,201502252498802,JBBL,10,6,500,193.0,96500.0
2015-02-25,201502252498798,JBBL,10,6,20,193.0,3860.0
2015-02-25,201502252498795,JBBL,49,49,2450,192.0,470400.0
2015-02-25,201502252498768,JBBL,10,48,200,192.0,38400.0
2015-02-25,201502252498732,JBBL,36,50,430,192.0,82560.0
2015-02-25,201502252499030,JBNL,39,38,20,273.0,5460.0
2015-02-25,201502252498894,JBNL,25,48,100,270.0,27000.0
2015-02-25,201502252498893,JBNL,49,48,100,270.0,27000.0
2015-02-25,201502252498892,JBNL,50,48,200,270.0,54000.0
2015-02-25,201502252498865,JBNL,5,25,144,271.0,39024.0
2015-02-25,201502252498862,JBNL,25,34,27,271.0,7317.0
2015-02-25,201502252498659,JBNL,22,38,97,268.0,25996.0
2015-02-25,201502252498604,JBNL,32,34,27,270.0,7290.0
2015-02-25,201502252498852,JBNL,5,25,144,271.0,39024.0
2015-02-25,201502252498845,JBNL,25,25,144,271.0,39024.0
2015-02-25,201502252498835,JBNL,25,25,110,271.0,29810.0
2015-02-25,201502252498831,JBNL,50,25,110,271.0,29810.0
2015-02-25,201502252498830,JBNL,5,25,110,271.0,29810.0
2015-02-25,201502252498803,JBNL,25,48,500,270.0,135000.0
2015-02-25,201502252499009,JFL,14,59,50,420.0,21000.0
2015-02-25,201502252499008,JFL,14,59,10,420.0,4200.0
2015-02-25,201502252498941,JFL,55,3,10,428.0,4280.0
2015-02-25,201502252498989,KADBL,46,59,48,356.0,17088.0
2015-02-25,201502252498799,KADBL,46,59,49,363.0,17787.0
2015-02-25,201502252499044,KBL,48,11,100,389.0,38900.0
2015-02-25,201502252498838,KBL,48,38,63,392.0,24696.0
2015-02-25,201502252498644,KBL,48,47,20,399.0,7980.0
2015-02-25,201502252498585,KBL,48,47,20,395.0,7900.0
2015-02-25,201502252498972,KCDBL,56,28,10,241.0,2410.0
2015-02-25,201502252498970,KCDBL,56,28,10,241.0,2410.0
2015-02-25,201502252498968,KCDBL,56,28,10,241.0,2410.0
2015-02-25,201502252498808,KCDBL,22,50,17,240.0,4080.0
2015-02-25,201502252498806,KCDBL,22,50,17,240.0,4080.0
2015-02-25,201502252498691,KCDBL,22,38,150,240.0,36000.0
2015-02-25,201502252498650,KCDBL,22,26,17,241.0,4097.0
2015-02-25,201502252498677,KCDBL,22,26,17,241.0,4097.0
2015-02-25,201502252498673,KCDBL,22,21,141,241.0,33981.0
2015-02-25,201502252498667,KCDBL,22,26,17,241.0,4097.0
2015-02-25,201502252498664,KCDBL,22,26,17,241.0,4097.0
2015-02-25,201502252498661,KCDBL,22,26,17,241.0,4097.0
2015-02-25,201502252498653,KCDBL,22,26,17,241.0,4097.0
2015-02-25,201502252498993,KDBL,17,57,42,140.0,5880.0
2015-02-25,201502252498821,KDBL,32,17,26,142.0,3692.0
2015-02-25,201502252498818,KDBL,52,28,201,142.0,28542.0
2015-02-25,201502252498812,KDBL,32,56,148,141.0,20868.0
2015-02-25,201502252498649,KDBL,52,33,28,140.0,3920.0
2015-02-25,201502252498891,KEBL,28,26,1000,591.0,591000.0
2015-02-25,201502252498881,KEBL,45,50,1000,595.0,595000.0
2015-02-25,201502252498850,KEBL,28,50,1000,600.0,600000.0
2015-02-25,201502252498681,KEBL,45,50,1000,595.0,595000.0
2015-02-25,201502252498565,KEBL,28,17,40,591.0,23640.0
2015-02-25,201502252498564,KEBL,28,50,500,590.0,295000.0
2015-02-25,201502252498562,KEBL,28,17,51,589.0,30039.0
2015-02-25,201502252498561,KEBL,28,50,100,588.0,58800.0
2015-02-25,201502252498559,KEBL,28,17,61,588.0,35868.0
2015-02-25,201502252498669,KFL,6,52,300,157.0,47100.0
2015-02-25,201502252498783,KMCDB,38,32,155,1051.0,162905.0
2015-02-25,201502252498962,KRBL,5,1,200,337.0,67400.0
2015-02-25,201502252498748,KRBL,51,1,20,334.0,6680.0
2015-02-25,201502252499023,LLBS,38,38,10,985.0,9850.0
2015-02-25,201502252498969,LLBS,14,20,51,966.0,49266.0
2015-02-25,201502252498961,LLBS,41,20,70,967.0,67690.0
2015-02-25,201502252498813,LLBS,38,38,10,986.0,9860.0
2015-02-25,201502252498782,LLBS,38,20,111,967.0,107337.0
2015-02-25,201502252498778,LLBS,44,20,500,965.0,482500.0
2015-02-25,201502252498760,LLBS,44,20,991,968.0,959288.0
2015-02-25,201502252498757,LLBS,20,20,10,980.0,9800.0
2015-02-25,201502252498965,LUBL,6,38,1000,355.0,355000.0
2015-02-25,201502252499037,MBBL,57,14,200,215.0,43000.0
2015-02-25,201502252499036,MBBL,16,49,20,212.0,4240.0
2015-02-25,201502252499021,MBBL,16,49,10,212.0,2120.0
2015-02-25,201502252498652,MBBL,50,46,83,214.0,17762.0
2015-02-25,201502252498566,MBBL,16,26,200,216.0,43200.0
2015-02-25,201502252498912,MBL,6,10,567,556.0,315252.0
2015-02-25,201502252498777,MBL,5,28,213,556.0,118428.0
2015-02-25,201502252498773,MBL,5,28,213,556.0,118428.0
2015-02-25,201502252498762,MBL,5,28,255,555.0,141525.0
2015-02-25,201502252498680,MBL,49,28,213,555.0,118215.0
2015-02-25,201502252498744,MDBL,58,1,392,225.0,88200.0
2015-02-25,201502252498741,MDBL,58,38,38,225.0,8550.0
2015-02-25,201502252498916,MDBL,48,25,37,232.0,8584.0
2015-02-25,201502252498877,MDBL,48,25,1000,229.0,229000.0
2015-02-25,201502252498873,MDBL,48,22,494,229.0,113126.0
2015-02-25,201502252498869,MDBL,48,39,107,228.0,24396.0
2015-02-25,201502252498675,MLBBL,29,1,10,990.0,9900.0
2015-02-25,201502252498983,MMDBL,47,59,10,603.0,6030.0
2015-02-25,201502252498796,MMDBL,48,59,23,614.0,14122.0
2015-02-25,201502252498841,NABIL,25,45,100,1947.0,194700.0
2015-02-25,201502252498761,NABIL,20,36,100,1950.0,195000.0
2015-02-25,201502252498714,NABILP,14,52,35,1350.0,47250.0
2015-02-25,201502252498988,NBB,5,36,100,515.0,51500.0
2015-02-25,201502252498987,NBB,5,21,70,515.0,36050.0
2015-02-25,201502252498784,NBB,48,48,35,513.0,17955.0
2015-02-25,201502252498708,NBB,5,38,155,515.0,79825.0
2015-02-25,201502252498702,NBB,50,26,200,514.0,102800.0
2015-02-25,201502252498657,NBB,54,5,90,514.0,46260.0
2015-02-25,201502252498646,NBB,54,10,200,514.0,102800.0
2015-02-25,201502252498574,NBB,54,51,395,514.0,203030.0
2015-02-25,201502252499041,NBL,39,39,485,324.0,157140.0
2015-02-25,201502252498954,NBL,47,33,100,328.0,32800.0
2015-02-25,201502252498929,NBL,37,16,500,328.0,164000.0
2015-02-25,201502252498632,NBL,17,16,10,334.0,3340.0
2015-02-25,201502252498855,NCCB,51,34,280,610.0,170800.0
2015-02-25,201502252498955,NCDB,5,49,12,248.0,2976.0
2015-02-25,201502252499057,NCM,39,8,100,208.0,20800.0
2015-02-25,201502252498804,NGBL,50,42,240,316.0,75840.0
2015-02-25,201502252498789,NGBL,13,43,26,314.0,8164.0
2015-02-25,201502252498679,NGBL,33,45,500,315.0,157500.0
2015-02-25,201502252499049,NHPC,5,50,500,122.0,61000.0
2015-02-25,201502252499046,NHPC,5,25,500,122.0,61000.0
2015-02-25,201502252498887,NHPC,16,16,1000,121.0,121000.0
2015-02-25,201502252498594,NHPC,47,45,100,121.0,12100.0
2015-02-25,201502252498724,NIB,16,52,57,725.0,41325.0
2015-02-25,201502252498715,NIB,14,52,50,726.0,36300.0
2015-02-25,201502252499028,NICA,52,37,183,659.0,120597.0
2015-02-25,201502252498991,NICA,22,26,30,656.0,19680.0
2015-02-25,201502252498944,NICA,38,38,180,652.0,117360.0
2015-02-25,201502252498847,NICL,47,43,70,395.0,27650.0
2015-02-25,201502252498776,NICL,32,36,200,392.0,78400.0
2015-02-25,201502252498843,NIL,58,26,136,594.0,80784.0
2015-02-25,201502252498985,NLG,13,26,19,690.0,13110.0
2015-02-25,201502252498897,NLIC,21,40,28,4685.0,131180.0
2015-02-25,201502252498884,NLICL,44,44,100,2515.0,251500.0
2015-02-25,201502252498966,NMBSF1,51,40,5000,10.4,52000.0
2015-02-25,201502252499055,NNLB,36,45,10,1008.0,10080.0
2015-02-25,201502252499051,NNLB,36,45,10,1008.0,10080.0
2015-02-25,201502252499047,NNLB,36,45,10,1008.0,10080.0
2015-02-25,201502252499029,NNLB,44,26,26,1014.0,26364.0
2015-02-25,201502252499027,NNLB,44,26,30,1014.0,30420.0
2015-02-25,201502252499026,NNLB,44,26,100,1014.0,101400.0
2015-02-25,201502252498824,NNLB,28,39,10,1005.0,10050.0
2015-02-25,201502252498819,NNLB,28,39,10,1005.0,10050.0
2015-02-25,201502252498817,NNLB,28,39,10,1005.0,10050.0
2015-02-25,201502252498815,NNLB,28,39,10,1005.0,10050.0
2015-02-25,201502252498809,NNLB,28,39,10,1005.0,10050.0
2015-02-25,201502252498807,NNLB,28,39,10,1005.0,10050.0
2015-02-25,201502252498849,NNLB,28,39,10,1005.0,10050.0
2015-02-25,201502252498846,NNLB,28,39,10,1005.0,10050.0
2015-02-25,201502252498842,NNLB,28,39,10,1005.0,10050.0
2015-02-25,201502252498832,NNLB,28,39,10,1005.0,10050.0
2015-02-25,201502252498829,NNLB,28,39,10,1005.0,10050.0
2015-02-25,201502252498827,NNLB,28,39,10,1005.0,10050.0
2015-02-25,201502252498868,NNLB,44,39,10,1006.0,10060.0
2015-02-25,201502252498866,NNLB,44,39,10,1006.0,10060.0
2015-02-25,201502252498861,NNLB,44,39,10,1006.0,10060.0
2015-02-25,201502252498859,NNLB,44,39,10,1006.0,10060.0
2015-02-25,201502252498854,NNLB,44,39,10,1006.0,10060.0
2015-02-25,201502252498851,NNLB,28,39,10,1005.0,10050.0
2015-02-25,201502252498888,NNLB,28,39,10,1010.0,10100.0
2015-02-25,201502252498883,NNLB,28,39,10,1010.0,10100.0
2015-02-25,201502252498882,NNLB,36,39,10,1008.0,10080.0
2015-02-25,201502252498878,NNLB,36,39,10,1008.0,10080.0
2015-02-25,201502252498875,NNLB,36,39,10,1008.0,10080.0
2015-02-25,201502252498872,NNLB,44,39,10,1006.0,10060.0
2015-02-25,201502252499025,NNLB,44,26,40,1014.0,40560.0
2015-02-25,201502252498913,NNLB,44,39,10,1012.0,10120.0
2015-02-25,201502252498904,NNLB,44,39,10,1012.0,10120.0
2015-02-25,201502252498902,NNLB,44,39,10,1012.0,10120.0
2015-02-25,201502252498899,NNLB,44,39,10,1012.0,10120.0
2015-02-25,201502252498896,NNLB,28,39,10,1010.0,10100.0
2015-02-25,201502252498733,NTC,49,52,500,625.0,312500.0
2015-02-25,201502252498917,NUBL,33,38,99,1310.0,129690.0
2015-02-25,201502252498747,NUBL,33,38,40,1310.0,52400.0
2015-02-25,201502252498707,NUBL,33,38,22,1310.0,28820.0
2015-02-25,201502252498704,NUBL,33,45,146,1310.0,191260.0
2015-02-25,201502252499042,OHL,59,45,500,725.0,362500.0
2015-02-25,201502252498979,OHL,14,33,290,725.0,210250.0
2015-02-25,201502252498770,PADBL,11,56,56,420.0,23520.0
2015-02-25,201502252498766,PADBL,11,55,40,420.0,16800.0
2015-02-25,201502252498703,PADBL,11,58,50,420.0,21000.0
2015-02-25,201502252498701,PADBL,11,56,297,418.0,124146.0
2015-02-25,201502252499039,PCBL,42,50,352,451.0,158752.0
2015-02-25,201502252498976,PCBL,52,17,76,452.0,34352.0
2015-02-25,201502252498960,PCBL,42,17,212,451.0,95612.0
2015-02-25,201502252498694,PCBL,21,38,38,453.0,17214.0
2015-02-25,201502252498627,PCBL,25,47,27,452.0,12204.0
2015-02-25,201502252498623,PCBL,42,57,159,451.0,71709.0
2015-02-25,201502252498584,PCBL,55,33,102,451.0,46002.0
2015-02-25,201502252498706,PIC,46,46,26,985.0,25610.0
2015-02-25,201502252498801,PLIC,49,11,597,1111.0,663267.0
2015-02-25,201502252498792,PRDBL,48,11,30,178.0,5340.0
2015-02-25,201502252498791,PRDBL,48,11,20,176.0,3520.0
2015-02-25,201502252498771,PRDBL,48,45,780,175.0,136500.0
2015-02-25,201502252498767,PRDBL,48,48,10,172.0,1720.0
2015-02-25,201502252499022,PRVU,21,57,500,334.0,167000.0
2015-02-25,201502252499019,PRVU,21,32,1000,333.0,333000.0
2015-02-25,201502252498984,PRVU,45,4,97,331.0,32107.0
2015-02-25,201502252498974,PRVU,59,4,337,331.0,111547.0
2015-02-25,201502252498579,PRVU,57,42,79,332.0,26228.0
2015-02-25,201502252498672,PRVU,57,35,194,332.0,64408.0
2015-02-25,201502252498660,PRVU,57,17,11,333.0,3663.0
2015-02-25,201502252498658,PRVU,45,32,1800,332.0,597600.0
2015-02-25,201502252498655,PRVU,57,17,11,333.0,3663.0
2015-02-25,201502252498643,PRVU,45,45,200,332.0,66400.0
2015-02-25,201502252498628,PRVU,43,32,97,332.0,32204.0
2015-02-25,201502252498739,PRVU,49,17,11,330.0,3630.0
2015-02-25,201502252498738,PRVU,48,17,11,330.0,3630.0
2015-02-25,201502252498737,PRVU,16,17,55,330.0,18150.0
2015-02-25,201502252498735,PRVU,45,14,506,332.0,167992.0
2015-02-25,201502252498713,PRVU,45,14,500,331.0,165500.0
2015-02-25,201502252498696,PRVU,59,5,1000,330.0,330000.0
2015-02-25,201502252498900,PRVU,45,4,827,331.0,273737.0
2015-02-25,201502252498797,PRVU,45,40,287,332.0,95284.0
2015-02-25,201502252498793,PRVU,17,19,97,333.0,32301.0
2015-02-25,201502252498756,PRVU,49,17,11,330.0,3630.0
2015-02-25,201502252498755,PRVU,49,17,11,330.0,3630.0
2015-02-25,201502252498754,PRVU,49,17,11,330.0,3630.0
2015-02-25,201502252498990,REDBL,25,25,222,217.0,48174.0
2015-02-25,201502252498605,REDBL,25,25,499,213.0,106287.0
2015-02-25,201502252499010,RHPC,21,59,10,486.0,4860.0
2015-02-25,201502252498840,RHPC,5,43,47,495.0,23265.0
2015-02-25,201502252498836,RHPC,5,48,183,490.0,89670.0
2015-02-25,201502252498820,RHPC,5,13,74,492.0,36408.0
2015-02-25,201502252498794,RHPC,5,38,70,490.0,34300.0
2015-02-25,201502252498764,RHPC,46,46,75,482.0,36150.0
2015-02-25,201502252498898,RLFL,11,35,130,153.0,19890.0
2015-02-25,201502252498982,RMDC,52,43,47,728.0,34216.0
2015-02-25,201502252498758,RMDC,52,56,23,730.0,16790.0
2015-02-25,201502252498752,RMDC,52,56,17,730.0,12410.0
2015-02-25,201502252498750,RMDC,52,56,17,730.0,12410.0
2015-02-25,201502252498749,RMDC,52,56,33,730.0,24090.0
2015-02-25,201502252498666,RMDC,6,6,30,729.0,21870.0
2015-02-25,201502252498740,SANIMA,29,41,66,545.0,35970.0
2015-02-25,201502252498947,SBL,59,16,300,683.0,204900.0
2015-02-25,201502252498786,SCB,39,36,48,2000.0,96000.0
2015-02-25,201502252498833,SETI,21,26,25,202.0,5050.0
2015-02-25,201502252498683,SFL,49,57,500,145.0,72500.0
2015-02-25,201502252498994,SHBL,45,45,60,1000.0,60000.0
2015-02-25,201502252498935,SHBL,45,45,60,1001.0,60060.0
2015-02-25,201502252498822,SHBL,45,45,64,1021.0,65344.0
2015-02-25,201502252498709,SHBL,33,22,14,1041.0,14574.0
2015-02-25,201502252498597,SHBL,33,38,10,1062.0,10620.0
2015-02-25,201502252498596,SHBL,33,38,10,1062.0,10620.0
2015-02-25,201502252498595,SHBL,33,38,10,1062.0,10620.0
2015-02-25,201502252498592,SHBL,33,38,10,1062.0,10620.0
2015-02-25,201502252498590,SHBL,33,38,10,1062.0,10620.0
2015-02-25,201502252498697,SHL,39,47,100,455.0,45500.0
2015-02-25,201502252498856,SHPC,13,38,111,770.0,85470.0
2015-02-25,201502252498745,SHPC,17,26,148,770.0,113960.0
2015-02-25,201502252498583,SHPC,56,56,18,775.0,13950.0
2015-02-25,201502252498582,SHPC,56,56,18,775.0,13950.0
2015-02-25,201502252498580,SHPC,56,56,18,775.0,13950.0
2015-02-25,201502252498573,SHPC,56,33,18,774.0,13932.0
2015-02-25,201502252498572,SHPC,16,16,90,770.0,69300.0
2015-02-25,201502252498602,SIC,19,59,258,1090.0,281220.0
2015-02-25,201502252498860,SIGS1,49,49,10000,15.3,153000.0
2015-02-25,201502252498926,SIL,52,17,137,723.0,99051.0
2015-02-25,201502252498588,SINDU,50,43,500,234.0,117000.0
2015-02-25,201502252499048,SKBBL,16,44,200,1560.0,312000.0
2015-02-25,201502252498736,SKBBL,22,57,281,1540.0,432740.0
2015-02-25,201502252498729,SKBBL,16,56,19,1550.0,29450.0
2015-02-25,201502252498728,SKBBL,16,56,19,1550.0,29450.0
2015-02-25,201502252498727,SKBBL,16,56,19,1550.0,29450.0
2015-02-25,201502252498726,SKBBL,53,56,19,1550.0,29450.0
2015-02-25,201502252498723,SKBBL,53,56,19,1550.0,29450.0
2015-02-25,201502252498722,SKBBL,16,56,19,1550.0,29450.0
2015-02-25,201502252498721,SKBBL,16,56,19,1550.0,29450.0
2015-02-25,201502252498720,SKBBL,16,56,19,1550.0,29450.0
2015-02-25,201502252498693,SKBBL,53,56,19,1550.0,29450.0
2015-02-25,201502252498957,SLBBL,45,50,10,2520.0,25200.0
2015-02-25,201502252498870,SUBBL,6,33,100,295.0,29500.0
2015-02-25,201502252498686,SUBBL,25,42,33,300.0,9900.0
2015-02-25,201502252498864,SUPRME,57,57,660,171.0,112860.0
2015-02-25,201502252498853,SUPRME,57,17,190,171.0,32490.0
2015-02-25,201502252498826,SUPRME,38,58,105,168.0,17640.0
2015-02-25,201502252499016,SWBBL,47,36,108,1650.0,178200.0
2015-02-25,201502252498977,SWBBL,38,21,128,1651.0,211328.0
2015-02-25,201502252498790,SWBBL,59,21,229,1665.0,381285.0
2015-02-25,201502252498905,SYFL,17,13,303,103.0,31209.0
2015-02-25,201502252498949,TRH,17,36,30,267.0,8010.0
2015-02-25,201502252498932,TRH,17,36,40,267.0,10680.0
2015-02-25,201502252498746,UFL,28,48,112,234.0,26208.0
2015-02-25,201502252498742,UFL,28,48,112,234.0,26208.0
2015-02-25,201502252498676,UFL,28,48,112,238.0,26656.0
2015-02-25,201502252498956,VBBL,17,7,20,154.0,3080.0
2015-02-25,201502252498942,VBBL,17,7,20,154.0,3080.0
2015-02-25,201502252498922,VBBL,45,7,80,153.0,12240.0
2015-02-25,201502252498688,VBBL,17,7,80,154.0,12320.0
2015-02-25,201502252498687,VBBL,17,7,80,154.0,12320.0
2015-02-25,201502252498648,VBBL,45,7,80,154.0,12320.0
2015-02-25,201502252498647,VBBL,45,7,80,154.0,12320.0
2015-02-25,201502252498569,VBBL,5,7,20,153.0,3060.0
2015-02-25,201502252498568,VBBL,5,7,20,153.0,3060.0
2015-02-25,201502252498567,VBBL,5,7,20,153.0,3060.0
2015-02-25,201502252498943,WDBL,44,17,12,342.0,4104.0
2015-02-25,201502252498939,WDBL,44,17,12,342.0,4104.0
2015-02-25,201502252498934,WDBL,44,26,148,341.0,50468.0
2015-02-25,201502252498933,WDBL,44,26,150,340.0,51000.0
2015-02-25,201502252498907,WDBL,53,26,20,340.0,6800.0
2015-02-25,201502252498903,WDBL,53,26,100,340.0,34000.0
2015-02-25,201502252498901,WDBL,53,55,20,340.0,6800.0
2015-02-25,201502252498692,WDBL,6,46,184,338.0,62192.0
2015-02-25,201502252498964,YETI,8,7,23,127.0,2921.0
2015-02-25,201502252498958,YETI,51,7,23,128.0,2944.0
2015-02-25,201502252498950,YETI,51,7,30,128.0,3840.0
2015-02-25,201502252498948,YETI,51,49,30,128.0,3840.0
2015-02-25,201502252498946,YETI,51,49,30,128.0,3840.0
2015-02-25,201502252498940,YETI,51,49,30,128.0,3840.0
2015-02-25,201502252498603,YETI,11,13,20,130.0,2600.0
2015-02-25,201502252498600,YETI,11,13,20,130.0,2600.0
2015-02-25,201502252498625,YETI,11,13,20,130.0,2600.0
2015-02-25,201502252498624,YETI,11,13,20,130.0,2600.0
2015-02-25,201502252498620,YETI,11,13,20,130.0,2600.0
2015-02-25,201502252498614,YETI,11,13,20,130.0,2600.0
2015-02-25,201502252498613,YETI,11,13,20,130.0,2600.0
2015-02-25,201502252498607,YETI,11,13,20,130.0,2600.0
2015-02-25,201502252498938,YETI,51,7,30,128.0,3840.0
2015-02-25,201502252498936,YETI,51,49,60,128.0,7680.0
2015-02-25,201502252498928,YETI,51,7,30,128.0,3840.0
2015-02-25,201502252498919,YETI,51,7,30,128.0,3840.0
2015-02-25,201502252498656,YETI,11,13,20,130.0,2600.0
2015-02-25,201502252498634,YETI,11,13,20,130.0,2600.0
2015-02-25,201502252498380,ACEDBL,56,50,14,266.0,3724.0
2015-02-25,201502252498542,ADBL,5,22,150,466.0,69900.0
2015-02-25,201502252498541,ADBL,5,46,40,466.0,18640.0
2015-02-25,201502252498538,ADBL,5,46,70,465.0,32550.0
2015-02-25,201502252498358,ADBL,10,10,40,460.0,18400.0
2015-02-25,201502252498493,ADBL,16,10,30,464.0,13920.0
2015-02-25,201502252498439,ADBL,37,37,50,459.0,22950.0
2015-02-25,201502252498530,AHPC,29,26,21,350.0,7350.0
2015-02-25,201502252498524,AHPC,29,13,22,350.0,7700.0
2015-02-25,201502252498468,AHPC,22,11,26,347.0,9022.0
2015-02-25,201502252498457,AHPC,48,11,1000,349.0,349000.0
2015-02-25,201502252498451,AHPC,51,55,600,348.0,208800.0
2015-02-25,201502252498409,AHPC,22,26,15,348.0,5220.0
2015-02-25,201502252498434,ALICL,44,1,64,1242.0,79488.0
2015-02-25,201502252498391,ALICL,59,16,509,1238.0,630142.0
2015-02-25,201502252498345,ALICL,14,33,84,1250.0,105000.0
2015-02-25,201502252498548,APEX,13,1,22,125.0,2750.0
2015-02-25,201502252498544,APEX,39,25,94,125.0,11750.0
2015-02-25,201502252498537,APEX,25,1,68,123.0,8364.0
2015-02-25,201502252498173,APEX,44,44,20,121.0,2420.0
2015-02-25,201502252498172,APEX,3,44,20,121.0,2420.0
2015-02-25,201502252498171,APEX,3,44,40,121.0,4840.0
2015-02-25,201502252498174,APEX,44,44,40,121.0,4840.0
2015-02-25,201502252498529,APEX,13,1,22,123.0,2706.0
2015-02-25,201502252498497,BLDBL,20,17,68,354.0,24072.0
2015-02-25,201502252498285,BPCL,3,3,20,633.0,12660.0
2015-02-25,201502252498520,CBL,5,52,61,294.0,17934.0
2015-02-25,201502252498419,CCBL,45,16,40,324.0,12960.0
2015-02-25,201502252498526,CDBL,14,49,10,345.0,3450.0
2015-02-25,201502252498258,CDBL,55,16,15,340.0,5100.0
2015-02-25,201502252498257,CDBL,14,16,15,340.0,5100.0
2015-02-25,201502252498256,CDBL,16,16,15,336.0,5040.0
2015-02-25,201502252498255,CDBL,32,16,15,336.0,5040.0
2015-02-25,201502252498195,CDBL,50,16,31,340.0,10540.0
2015-02-25,201502252498194,CDBL,50,16,31,340.0,10540.0
2015-02-25,201502252498193,CDBL,50,16,92,340.0,31280.0
2015-02-25,201502252498190,CDBL,45,16,31,340.0,10540.0
2015-02-25,201502252498189,CDBL,45,16,31,340.0,10540.0
2015-02-25,201502252498188,CDBL,45,16,31,340.0,10540.0
2015-02-25,201502252498201,CDBL,45,16,31,340.0,10540.0
2015-02-25,201502252498200,CDBL,45,16,31,340.0,10540.0
2015-02-25,201502252498199,CDBL,45,16,31,340.0,10540.0
2015-02-25,201502252498198,CDBL,45,16,31,340.0,10540.0
2015-02-25,201502252498197,CDBL,45,16,31,340.0,10540.0
2015-02-25,201502252498196,CDBL,50,16,31,340.0,10540.0
2015-02-25,201502252498217,CDBL,32,16,15,340.0,5100.0
2015-02-25,201502252498215,CDBL,32,16,15,340.0,5100.0
2015-02-25,201502252498214,CDBL,32,16,15,340.0,5100.0
2015-02-25,201502252498204,CDBL,45,16,31,340.0,10540.0
2015-02-25,201502252498203,CDBL,45,16,31,340.0,10540.0
2015-02-25,201502252498202,CDBL,45,16,31,340.0,10540.0
2015-02-25,201502252498243,CDBL,50,16,15,340.0,5100.0
2015-02-25,201502252498242,CDBL,50,16,15,340.0,5100.0
2015-02-25,201502252498241,CDBL,50,16,15,340.0,5100.0
2015-02-25,201502252498240,CDBL,50,16,15,340.0,5100.0
2015-02-25,201502252498222,CDBL,32,16,15,340.0,5100.0
2015-02-25,201502252498220,CDBL,32,16,15,340.0,5100.0
2015-02-25,201502252498254,CDBL,14,16,15,340.0,5100.0
2015-02-25,201502252498253,CDBL,55,16,15,340.0,5100.0
2015-02-25,201502252498252,CDBL,25,16,15,340.0,5100.0
2015-02-25,201502252498251,CDBL,14,16,15,340.0,5100.0
2015-02-25,201502252498250,CDBL,55,16,15,340.0,5100.0
2015-02-25,201502252498247,CDBL,25,16,15,340.0,5100.0
2015-02-25,201502252498522,CFCL,25,19,200,201.0,40200.0
2015-02-25,201502252498509,CFCL,25,14,495,202.0,99990.0
2015-02-25,201502252498383,CFCL,25,14,46,205.0,9430.0
2015-02-25,201502252498362,CFCL,25,14,34,201.0,6834.0
2015-02-25,201502252498361,CFCL,25,52,394,200.0,78800.0
2015-02-25,201502252498249,CFCL,25,10,2348,198.0,464904.0
2015-02-25,201502252498248,CFCL,25,10,64,198.0,12672.0
2015-02-25,201502252498517,CHCL,5,1,36,1591.0,57276.0
2015-02-25,201502252498455,CHCL,41,41,114,1595.0,181830.0
2015-02-25,201502252498547,CZBIL,26,45,56,453.0,25368.0
2015-02-25,201502252498476,CZBIL,8,26,500,451.0,225500.0
2015-02-25,201502252498431,CZBIL,41,42,12,455.0,5460.0
2015-02-25,201502252498305,CZBIL,10,10,21,457.0,9597.0
2015-02-25,201502252498213,CZBIL,41,41,167,459.0,76653.0
2015-02-25,201502252498306,DDBL,49,49,100,1215.0,121500.0
2015-02-25,201502252498516,EBL,34,19,102,2110.0,215220.0
2015-02-25,201502252498344,EBL,6,42,19,2100.0,39900.0
2015-02-25,201502252498554,EIC,40,25,33,983.0,32439.0
2015-02-25,201502252498546,EIC,14,44,60,971.0,58260.0
2015-02-25,201502252498534,EIC,45,17,100,980.0,98000.0
2015-02-25,201502252498300,EIC,34,44,50,980.0,49000.0
2015-02-25,201502252498271,EIC,19,17,40,985.0,39400.0
2015-02-25,201502252498270,EIC,39,17,200,972.0,194400.0
2015-02-25,201502252498212,EIC,25,44,67,989.0,66263.0
2015-02-25,201502252498231,EIC,45,44,200,980.0,196000.0
2015-02-25,201502252498228,EIC,25,17,400,989.0,395600.0
2015-02-25,201502252498227,EIC,39,17,40,989.0,39560.0
2015-02-25,201502252498226,EIC,28,17,193,990.0,191070.0
2015-02-25,201502252498225,EIC,39,44,200,999.0,199800.0
2015-02-25,201502252498224,EIC,41,46,100,999.0,99900.0
2015-02-25,201502252498267,EIC,37,17,400,973.0,389200.0
2015-02-25,201502252498263,EIC,25,17,100,980.0,98000.0
2015-02-25,201502252498262,EIC,45,17,100,980.0,98000.0
2015-02-25,201502252498260,EIC,34,44,50,980.0,49000.0
2015-02-25,201502252498239,EIC,36,17,500,985.0,492500.0
2015-02-25,201502252498233,EIC,19,44,303,985.0,298455.0
2015-02-25,201502252498472,GBBL,58,7,253,336.0,85008.0
2015-02-25,201502252498205,GBBL,59,59,26,336.0,8736.0
2015-02-25,201502252498514,GBIME,40,14,1000,450.0,450000.0
2015-02-25,201502252498513,GBIME,29,14,500,450.0,225000.0
2015-02-25,201502252498512,GBIME,41,14,200,450.0,90000.0
2015-02-25,201502252498511,GBIME,11,14,120,450.0,54000.0
2015-02-25,201502252498510,GBIME,13,14,200,451.0,90200.0
2015-02-25,201502252498484,GBIME,39,38,13,454.0,5902.0
2015-02-25,201502252498259,GBIME,22,33,50,455.0,22750.0
2015-02-25,201502252498221,GBIME,17,17,30,458.0,13740.0
2015-02-25,201502252498163,GBIME,39,39,95,458.0,43510.0
2015-02-25,201502252498350,GBIME,59,45,93,454.0,42222.0
2015-02-25,201502252498348,GBIME,59,1,161,454.0,73094.0
2015-02-25,201502252498316,GBIME,46,46,44,452.0,19888.0
2015-02-25,201502252498299,GBIME,3,33,45,451.0,20295.0
2015-02-25,201502252498294,GBIME,47,59,69,450.0,31050.0
2015-02-25,201502252498293,GBIME,29,8,91,451.0,41041.0
2015-02-25,201502252498373,GBIME,19,42,18,452.0,8136.0
2015-02-25,201502252498356,GBIME,48,48,44,453.0,19932.0
2015-02-25,201502252498355,GBIME,59,38,44,455.0,20020.0
2015-02-25,201502252498353,GBIME,59,38,44,455.0,20020.0
2015-02-25,201502252498352,GBIME,59,38,44,455.0,20020.0
2015-02-25,201502252498351,GBIME,59,45,101,454.0,45854.0
2015-02-25,201502252498392,GBIME,22,22,39,452.0,17628.0
2015-02-25,201502252498388,GBIME,16,16,35,452.0,15820.0
2015-02-25,201502252498385,GBIME,6,42,36,451.0,16236.0
2015-02-25,201502252498381,GBIME,19,33,45,451.0,20295.0
2015-02-25,201502252498376,GBIME,49,42,18,451.0,8118.0
2015-02-25,201502252498375,GBIME,16,16,35,454.0,15890.0
2015-02-25,201502252498445,GBIME,39,14,200,450.0,90000.0
2015-02-25,201502252498444,GBIME,10,14,200,450.0,90000.0
2015-02-25,201502252498443,GBIME,29,14,150,450.0,67500.0
2015-02-25,201502252498442,GBIME,19,14,200,451.0,90200.0
2015-02-25,201502252498441,GBIME,6,14,200,451.0,90200.0
2015-02-25,201502252498407,GBIME,45,45,69,452.0,31188.0
2015-02-25,201502252498483,GBIME,39,38,13,454.0,5902.0
2015-02-25,201502252498450,GBIME,6,14,1000,450.0,450000.0
2015-02-25,201502252498449,GBIME,41,14,750,450.0,337500.0
2015-02-25,201502252498448,GBIME,21,14,200,450.0,90000.0
2015-02-25,201502252498447,GBIME,59,14,1000,450.0,450000.0
2015-02-25,201502252498446,GBIME,10,14,1000,450.0,450000.0
2015-02-25,201502252498502,GLICL,44,33,14,545.0,7630.0
2015-02-25,201502252498481,GLICL,36,58,319,546.0,174174.0
2015-02-25,201502252498357,GLICL,35,33,14,548.0,7672.0
2015-02-25,201502252498273,HAMA,44,34,60,160.0,9600.0
2015-02-25,201502252498504,HBDL,6,42,284,108.0,30672.0
2015-02-25,201502252498452,HBDL,39,19,69,108.0,7452.0
2015-02-25,201502252498555,INDBL,58,57,884,230.0,203320.0
2015-02-25,201502252498495,JBBL,57,42,32,188.0,6016.0
2015-02-25,201502252498482,JBBL,58,38,20,191.0,3820.0
2015-02-25,201502252498480,JBBL,58,48,62,189.0,11718.0
2015-02-25,201502252498478,JBBL,58,52,100,189.0,18900.0
2015-02-25,201502252498477,JBBL,58,46,190,189.0,35910.0
2015-02-25,201502252498474,JBBL,44,6,10,192.0,1920.0
2015-02-25,201502252498182,JBBL,49,49,300,186.0,55800.0
2015-02-25,201502252498325,JBBL,47,59,30,180.0,5400.0
2015-02-25,201502252498324,JBBL,47,59,30,180.0,5400.0
2015-02-25,201502252498320,JBBL,47,59,30,183.0,5490.0
2015-02-25,201502252498314,JBBL,47,59,30,183.0,5490.0
2015-02-25,201502252498312,JBBL,47,59,30,183.0,5490.0
2015-02-25,201502252498183,JBBL,49,49,80,186.0,14880.0
2015-02-25,201502252498411,JBBL,58,1,214,186.0,39804.0
2015-02-25,201502252498397,JBBL,58,19,680,186.0,126480.0
2015-02-25,201502252498394,JBBL,58,38,164,186.0,30504.0
2015-02-25,201502252498367,JBBL,49,48,35,183.0,6405.0
2015-02-25,201502252498363,JBBL,49,38,50,183.0,9150.0
2015-02-25,201502252498360,JBBL,49,59,110,181.0,19910.0
2015-02-25,201502252498473,JBBL,58,48,32,189.0,6048.0
2015-02-25,201502252498470,JBBL,44,42,10,192.0,1920.0
2015-02-25,201502252498467,JBBL,1,44,32,189.0,6048.0
2015-02-25,201502252498437,JBBL,1,48,62,188.0,11656.0
2015-02-25,201502252498421,JBBL,1,48,96,188.0,18048.0
2015-02-25,201502252498415,JBBL,1,48,62,187.0,11594.0
2015-02-25,201502252498515,JBNL,39,52,61,273.0,16653.0
2015-02-25,201502252498499,JBNL,46,58,484,269.0,130196.0
2015-02-25,201502252498399,JBNL,46,34,38,271.0,10298.0
2015-02-25,201502252498162,JEFL,42,42,10,183.0,1830.0
2015-02-25,201502252498506,KBL,5,13,243,392.0,95256.0
2015-02-25,201502252498486,KCDBL,22,26,295,241.0,71095.0
2015-02-25,201502252498238,KCDBL,22,16,17,243.0,4131.0
2015-02-25,201502252498234,KCDBL,22,16,17,243.0,4131.0
2015-02-25,201502252498180,KCDBL,50,16,17,243.0,4131.0
2015-02-25,201502252498179,KCDBL,50,16,17,243.0,4131.0
2015-02-25,201502252498178,KCDBL,50,16,17,243.0,4131.0
2015-02-25,201502252498177,KCDBL,50,16,17,243.0,4131.0
2015-02-25,201502252498176,KCDBL,50,16,17,243.0,4131.0
2015-02-25,201502252498175,KCDBL,50,16,17,243.0,4131.0
2015-02-25,201502252498527,KDBL,48,42,19,142.0,2698.0
2015-02-25,201502252498498,KDBL,48,48,10,140.0,1400.0
2015-02-25,201502252498379,KDBL,10,10,20,138.0,2760.0
2015-02-25,201502252498341,KDBL,10,10,20,138.0,2760.0
2015-02-25,201502252498282,KDBL,32,45,55,139.0,7645.0
2015-02-25,201502252498521,KEBL,26,11,30,589.0,17670.0
2015-02-25,201502252498368,KMCDB,25,26,82,1050.0,86100.0
2015-02-25,201502252498366,KMCDB,25,59,82,1050.0,86100.0
2015-02-25,201502252498365,KMCDB,25,11,40,1050.0,42000.0
2015-02-25,201502252498364,KMCDB,25,33,10,1045.0,10450.0
2015-02-25,201502252498404,KMCDB,38,5,47,1071.0,50337.0
2015-02-25,201502252498403,KMCDB,38,13,10,1060.0,10600.0
2015-02-25,201502252498401,KMCDB,38,33,10,1050.0,10500.0
2015-02-25,201502252498466,KNBL,44,57,27,275.0,7425.0
2015-02-25,201502252498372,KNBL,44,57,54,270.0,14580.0
2015-02-25,201502252498557,KRBL,54,1,10,328.0,3280.0
2015-02-25,201502252498551,KRBL,51,57,310,328.0,101680.0
2015-02-25,201502252498440,KRBL,50,57,10,328.0,3280.0
2015-02-25,201502252498266,KRBL,50,59,10,334.0,3340.0
2015-02-25,201502252498490,LLBS,44,44,10,999.0,9990.0
2015-02-25,201502252498465,LLBS,44,20,1000,980.0,980000.0
2015-02-25,201502252498464,LLBS,44,20,1000,980.0,980000.0
2015-02-25,201502252498463,LLBS,44,20,100,980.0,98000.0
2015-02-25,201502252498462,LLBS,17,20,50,980.0,49000.0
2015-02-25,201502252498461,LLBS,29,20,200,981.0,196200.0
2015-02-25,201502252498187,LLBS,14,25,15,985.0,14775.0
2015-02-25,201502252498186,LLBS,44,44,903,1000.0,903000.0
2015-02-25,201502252498185,LLBS,44,49,20,999.0,19980.0
2015-02-25,201502252498184,LLBS,44,38,10,981.0,9810.0
2015-02-25,201502252498181,LLBS,38,38,10,1001.0,10010.0
2015-02-25,201502252498164,LLBS,38,38,10,1021.0,10210.0
2015-02-25,201502252498210,LLBS,44,49,10,985.0,9850.0
2015-02-25,201502252498209,LLBS,38,49,10,983.0,9830.0
2015-02-25,201502252498208,LLBS,38,49,10,983.0,9830.0
2015-02-25,201502252498207,LLBS,38,49,10,983.0,9830.0
2015-02-25,201502252498206,LLBS,20,16,82,984.0,80688.0
2015-02-25,201502252498192,LLBS,38,38,10,983.0,9830.0
2015-02-25,201502252498245,LLBS,20,6,20,998.0,19960.0
2015-02-25,201502252498244,LLBS,20,49,10,995.0,9950.0
2015-02-25,201502252498237,LLBS,38,38,10,981.0,9810.0
2015-02-25,201502252498236,LLBS,20,16,123,995.0,122385.0
2015-02-25,201502252498235,LLBS,20,49,10,995.0,9950.0
2015-02-25,201502252498211,LLBS,38,49,10,983.0,9830.0
2015-02-25,201502252498284,LLBS,44,49,41,999.0,40959.0
2015-02-25,201502252498281,LLBS,44,49,41,999.0,40959.0
2015-02-25,201502252498279,LLBS,44,49,10,999.0,9990.0
2015-02-25,201502252498278,LLBS,44,49,10,999.0,9990.0
2015-02-25,201502252498277,LLBS,44,49,10,999.0,9990.0
2015-02-25,201502252498272,LLBS,20,42,10,990.0,9900.0
2015-02-25,201502252498297,LLBS,44,38,10,1003.0,10030.0
2015-02-25,201502252498291,LLBS,44,16,10,1000.0,10000.0
2015-02-25,201502252498290,LLBS,44,16,10,1000.0,10000.0
2015-02-25,201502252498289,LLBS,44,16,10,1000.0,10000.0
2015-02-25,201502252498287,LLBS,44,38,10,999.0,9990.0
2015-02-25,201502252498286,LLBS,44,49,41,999.0,40959.0
2015-02-25,201502252498389,LLBS,38,6,41,1007.0,41287.0
2015-02-25,201502252498371,LLBS,49,41,10,1000.0,10000.0
2015-02-25,201502252498370,LLBS,49,41,10,1000.0,10000.0
2015-02-25,201502252498369,LLBS,20,44,388,1000.0,388000.0
2015-02-25,201502252498354,LLBS,44,41,10,1005.0,10050.0
2015-02-25,201502252498301,LLBS,44,38,10,1003.0,10030.0
2015-02-25,201502252498460,LLBS,38,20,200,988.0,197600.0
2015-02-25,201502252498459,LLBS,38,20,50,991.0,49550.0
2015-02-25,201502252498458,LLBS,44,20,10,999.0,9990.0
2015-02-25,201502252498432,LLBS,49,29,10,1000.0,10000.0
2015-02-25,201502252498396,LLBS,37,16,10,1008.0,10080.0
2015-02-25,201502252498390,LLBS,38,25,10,1008.0,10080.0
2015-02-25,201502252498556,MBBL,16,26,498,216.0,107568.0
2015-02-25,201502252498500,MBL,34,1,384,555.0,213120.0
2015-02-25,201502252498416,MLBBL,14,47,59,1010.0,59590.0
2015-02-25,201502252498382,MLBBL,14,25,10,1014.0,10140.0
2015-02-25,201502252498378,MLBBL,14,40,10,1010.0,10100.0
2015-02-25,201502252498377,MLBBL,14,40,10,1010.0,10100.0
2015-02-25,201502252498191,NABIL,34,42,173,1941.0,335793.0
2015-02-25,201502252498296,NBL,45,11,100,330.0,33000.0
2015-02-25,201502252498471,NBSL,19,19,96,387.0,37152.0
2015-02-25,201502252498309,NCCB,45,1,200,620.0,124000.0
2015-02-25,201502252498283,NCDB,10,10,25,252.0,6300.0
2015-02-25,201502252498318,NGBL,13,59,13,314.0,4082.0
2015-02-25,201502252498311,NGBL,13,59,13,314.0,4082.0
2015-02-25,201502252498492,NHPC,47,59,500,120.0,60000.0
2015-02-25,201502252498408,NHPC,49,49,1000,120.0,120000.0
2015-02-25,201502252498349,NIBSF1,39,39,6956,10.9,75820.4
2015-02-25,201502252498346,NIBSF1,39,39,5000,10.9,54500.0
2015-02-25,201502252498343,NIBSF1,39,39,5000,10.9,54500.0
2015-02-25,201502252498406,NICA,36,1,63,651.0,41013.0
2015-02-25,201502252498317,NICA,10,33,30,655.0,19650.0
2015-02-25,201502252498417,NIL,42,50,10,584.0,5840.0
2015-02-25,201502252498414,NIL,42,55,200,584.0,116800.0
2015-02-25,201502252498402,NIL,42,8,100,595.0,59500.0
2015-02-25,201502252498384,NIL,42,8,150,601.0,90150.0
2015-02-25,201502252498347,NIL,42,8,62,613.0,38006.0
2015-02-25,201502252498229,NLG,13,11,122,690.0,84180.0
2015-02-25,201502252498505,NLIC,25,16,100,4660.0,466000.0
2015-02-25,201502252498246,NLIC,53,56,25,4690.0,117250.0
2015-02-25,201502252498308,NNLB,44,39,10,1020.0,10200.0
2015-02-25,201502252498307,NNLB,44,39,10,1020.0,10200.0
2015-02-25,201502252498536,NTC,49,49,210,625.0,131250.0
2015-02-25,201502252498533,NTC,7,49,100,625.0,62500.0
2015-02-25,201502252498531,NTC,49,48,800,625.0,500000.0
2015-02-25,201502252498398,NUBL,38,19,100,1310.0,131000.0
2015-02-25,201502252498508,OHL,59,45,570,725.0,413250.0
2015-02-25,201502252498552,PADBL,25,28,36,412.0,14832.0
2015-02-25,201502252498507,PCBL,42,1,200,449.0,89800.0
2015-02-25,201502252498496,PCBL,26,11,33,450.0,14850.0
2015-02-25,201502252498485,PCBL,37,37,145,450.0,65250.0
2015-02-25,201502252498494,PLIC,49,42,13,1100.0,14300.0
2015-02-25,201502252498491,PLIC,17,56,57,1095.0,62415.0
2015-02-25,201502252498479,PLIC,35,42,13,1100.0,14300.0
2015-02-25,201502252498426,PLIC,44,36,354,1110.0,392940.0
2015-02-25,201502252498342,PLIC,38,38,13,1100.0,14300.0
2015-02-25,201502252498288,PRDBL,25,59,10,169.0,1690.0
2015-02-25,201502252498545,PRVU,59,57,500,332.0,166000.0
2015-02-25,201502252498539,PRVU,59,7,500,331.0,165500.0
2015-02-25,201502252498453,PRVU,57,54,11,328.0,3608.0
2015-02-25,201502252498438,PRVU,22,54,44,328.0,14432.0
2015-02-25,201502252498436,PRVU,49,49,422,330.0,139260.0
2015-02-25,201502252498313,PRVU,19,40,486,330.0,160380.0
2015-02-25,201502252498427,PRVU,49,40,765,330.0,252450.0
2015-02-25,201502252498425,PRVU,55,8,194,329.0,63826.0
2015-02-25,201502252498418,PRVU,45,54,35,329.0,11515.0
2015-02-25,201502252498413,PRVU,55,54,11,329.0,3619.0
2015-02-25,201502252498410,PRVU,45,44,2432,329.0,800128.0
2015-02-25,201502252498374,PRVU,49,1,88,330.0,29040.0
2015-02-25,201502252498170,REDBL,39,39,26,216.0,5616.0
2015-02-25,201502252498169,REDBL,39,39,17,216.0,3672.0
2015-02-25,201502252498168,REDBL,39,39,17,216.0,3672.0
2015-02-25,201502252498167,REDBL,39,39,26,216.0,5616.0
2015-02-25,201502252498166,REDBL,39,39,17,216.0,3672.0
2015-02-25,201502252498165,REDBL,39,39,17,216.0,3672.0
2015-02-25,201502252498424,RMDC,17,53,33,733.0,24189.0
2015-02-25,201502252498412,RMDC,17,53,33,733.0,24189.0
2015-02-25,201502252498405,RMDC,38,44,156,730.0,113880.0
2015-02-25,201502252498304,RMDC,6,38,33,725.0,23925.0
2015-02-25,201502252498303,RMDC,38,39,132,724.0,95568.0
2015-02-25,201502252498302,RMDC,25,38,33,725.0,23925.0
2015-02-25,201502252498269,RMDC,56,56,10,717.0,7170.0
2015-02-25,201502252498264,RMDC,56,56,16,715.0,11440.0
2015-02-25,201502252498261,RMDC,56,56,16,715.0,11440.0
2015-02-25,201502252498230,RMDC,56,56,33,710.0,23430.0
2015-02-25,201502252498223,RMDC,56,56,33,710.0,23430.0
2015-02-25,201502252498219,RMDC,8,44,30,720.0,21600.0
2015-02-25,201502252498549,SANIMA,13,45,71,544.0,38624.0
2015-02-25,201502252498543,SBL,48,48,500,680.0,340000.0
2015-02-25,201502252498423,SBL,59,44,112,680.0,76160.0
2015-02-25,201502252498422,SBL,59,40,100,678.0,67800.0
2015-02-25,201502252498310,SDBL,42,17,10,201.0,2010.0
2015-02-25,201502252498340,SHINE,38,16,25,356.0,8900.0
2015-02-25,201502252498339,SHINE,38,16,25,356.0,8900.0
2015-02-25,201502252498338,SHINE,38,16,25,356.0,8900.0
2015-02-25,201502252498337,SHINE,38,16,25,356.0,8900.0
2015-02-25,201502252498280,SHINE,43,16,76,356.0,27056.0
2015-02-25,201502252498268,SHINE,35,16,101,356.0,35956.0
2015-02-25,201502252498321,SHINE,38,16,25,356.0,8900.0
2015-02-25,201502252498319,SHINE,35,16,25,356.0,8900.0
2015-02-25,201502252498315,SHINE,38,16,25,356.0,8900.0
2015-02-25,201502252498298,SHINE,32,16,101,356.0,35956.0
2015-02-25,201502252498295,SHINE,32,16,101,356.0,35956.0
2015-02-25,201502252498292,SHINE,32,16,101,356.0,35956.0
2015-02-25,201502252498330,SHINE,38,16,25,356.0,8900.0
2015-02-25,201502252498329,SHINE,38,16,25,356.0,8900.0
2015-02-25,201502252498328,SHINE,38,16,25,356.0,8900.0
2015-02-25,201502252498326,SHINE,35,16,25,356.0,8900.0
2015-02-25,201502252498323,SHINE,38,16,25,356.0,8900.0
2015-02-25,201502252498322,SHINE,38,16,25,356.0,8900.0
2015-02-25,201502252498336,SHINE,38,16,25,356.0,8900.0
2015-02-25,201502252498335,SHINE,38,16,25,356.0,8900.0
2015-02-25,201502252498334,SHINE,38,16,25,356.0,8900.0
2015-02-25,201502252498333,SHINE,38,16,25,356.0,8900.0
2015-02-25,201502252498332,SHINE,38,16,25,356.0,8900.0
2015-02-25,201502252498331,SHINE,38,16,25,356.0,8900.0
2015-02-25,201502252498232,SHL,14,45,200,455.0,91000.0
2015-02-25,201502252498558,SHPC,57,16,90,771.0,69390.0
2015-02-25,201502252498550,SHPC,16,16,252,770.0,194040.0
2015-02-25,201502252498535,SHPC,16,16,72,774.0,55728.0
2015-02-25,201502252498525,SHPC,16,56,18,775.0,13950.0
2015-02-25,201502252498519,SHPC,56,58,18,775.0,13950.0
2015-02-25,201502252498387,SHPC,17,29,18,779.0,14022.0
2015-02-25,201502252498386,SHPC,17,34,148,779.0,115292.0
2015-02-25,201502252498218,SHPC,46,17,10,785.0,7850.0
2015-02-25,201502252498540,SIL,38,38,126,722.0,90972.0
2015-02-25,201502252498532,SIL,38,38,126,722.0,90972.0
2015-02-25,201502252498523,SIL,38,38,176,722.0,127072.0
2015-02-25,201502252498518,SIL,38,38,126,722.0,90972.0
2015-02-25,201502252498503,SIL,38,38,50,722.0,36100.0
2015-02-25,201502252498501,SIL,38,38,50,722.0,36100.0
2015-02-25,201502252498216,SIL,38,38,126,722.0,90972.0
2015-02-25,201502252498488,SIL,38,38,126,722.0,90972.0
2015-02-25,201502252498454,SIL,38,38,126,722.0,90972.0
2015-02-25,201502252498428,SIL,38,38,126,721.0,90846.0
2015-02-25,201502252498420,SIL,38,38,126,721.0,90846.0
2015-02-25,201502252498274,SIL,38,38,126,721.0,90846.0
2015-02-25,201502252498265,SIL,38,38,126,722.0,90972.0
2015-02-25,201502252498528,SKBBL,38,56,19,1568.0,29792.0
2015-02-25,201502252498489,SKBBL,48,11,19,1600.0,30400.0
2015-02-25,201502252498469,SKBBL,48,53,19,1581.0,30039.0
2015-02-25,201502252498393,SRBL,10,10,11,395.0,4345.0
2015-02-25,201502252498400,SUPRME,57,59,10,165.0,1650.0
2015-02-25,201502252498475,SWBBL,21,39,11,1684.0,18524.0
2015-02-25,201502252498433,SWBBL,47,44,100,1652.0,165200.0
2015-02-25,201502252498429,SWBBL,47,44,128,1650.0,211200.0
2015-02-25,201502252498456,UNL,16,16,30,17200.0,516000.0
2015-02-25,201502252498553,WDBL,53,44,10,342.0,3420.0
2015-02-25,201502252498327,WDBL,16,59,72,340.0,24480.0
2015-02-25,201502252498487,YETI,11,1,10,130.0,1300.0
2015-02-25,201502252498359,YETI,11,11,300,130.0,39000.0
2015-02-25,201502252498276,YETI,8,59,30,129.0,3870.0
2015-02-25,201502252498275,YETI,8,59,30,129.0,3870.0
2015-02-25,201502252499100,ACEDBL,52,42,100,271.0,27100.0
2015-02-25,201502252499065,ACEDBL,8,4,43,267.0,11481.0
2015-02-25,201502252499413,ADBL,5,11,120,470.0,56400.0
2015-02-25,201502252499411,ADBL,25,59,40,463.0,18520.0
2015-02-25,201502252499358,ADBL,5,25,30,470.0,14100.0
2015-02-25,201502252499348,ADBL,25,26,161,465.0,74865.0
2015-02-25,201502252499280,ADBL,5,32,50,470.0,23500.0
2015-02-25,201502252499232,ADBL,5,56,50,470.0,23500.0
2015-02-25,201502252499231,ADBL,5,56,50,470.0,23500.0
2015-02-25,201502252499543,AHPC,14,41,36,347.0,12492.0
2015-02-25,201502252499419,AHPC,52,55,500,346.0,173000.0
2015-02-25,201502252499397,AHPC,13,55,477,345.0,164565.0
2015-02-25,201502252499245,AHPC,47,22,23,348.0,8004.0
2015-02-25,201502252499243,AHPC,46,55,500,345.0,172500.0
2015-02-25,201502252499194,AHPC,5,55,200,344.0,68800.0
2015-02-25,201502252499193,AHPC,51,55,100,344.0,34400.0
2015-02-25,201502252499192,AHPC,59,55,200,345.0,69000.0
2015-02-25,201502252499407,ALICL,16,57,500,1245.0,622500.0
2015-02-25,201502252499234,ALICL,14,36,550,1251.0,688050.0
2015-02-25,201502252499207,ALICL,14,17,16,1250.0,20000.0
2015-02-25,201502252499206,ALICL,14,40,100,1250.0,125000.0
2015-02-25,201502252499189,ALICL,59,5,300,1248.0,374400.0
2015-02-25,201502252499099,ARDBL,5,17,31,199.0,6169.0
2015-02-25,201502252499094,ARDBL,5,17,31,199.0,6169.0
2015-02-25,201502252499092,ARDBL,5,17,31,199.0,6169.0
2015-02-25,201502252499090,ARDBL,5,1,31,196.0,6076.0
2015-02-25,201502252499087,ARDBL,5,57,21,196.0,4116.0
2015-02-25,201502252499334,BPCL,50,39,67,630.0,42210.0
2015-02-25,201502252499535,BUDBL,58,13,325,233.0,75725.0
2015-02-25,201502252499322,BUDBL,59,48,500,234.0,117000.0
2015-02-25,201502252499321,BUDBL,59,39,50,233.0,11650.0
2015-02-25,201502252499320,BUDBL,59,13,200,232.0,46400.0
2015-02-25,201502252499319,BUDBL,59,13,510,231.0,117810.0
2015-02-25,201502252499268,BUDBL,47,13,530,230.0,121900.0
2015-02-25,201502252499542,CBBL,43,41,139,1550.0,215450.0
2015-02-25,201502252499465,CBBL,6,59,71,1538.0,109198.0
2015-02-25,201502252499538,CBL,5,55,192,296.0,56832.0
2015-02-25,201502252499489,CBL,37,50,68,296.0,20128.0
2015-02-25,201502252499484,CBL,29,47,110,295.0,32450.0
2015-02-25,201502252499481,CBL,37,40,17,297.0,5049.0
2015-02-25,201502252499457,CBL,33,55,229,296.0,67784.0
2015-02-25,201502252499456,CBL,33,55,520,296.0,153920.0
2015-02-25,201502252499450,CBL,33,55,954,296.0,282384.0
2015-02-25,201502252499331,CBL,37,22,81,296.0,23976.0
2015-02-25,201502252499323,CBL,37,13,26,296.0,7696.0
2015-02-25,201502252499273,CBL,16,44,57,294.0,16758.0
2015-02-25,201502252499271,CBL,20,44,57,294.0,16758.0
2015-02-25,201502252499260,CBL,37,44,57,295.0,16815.0
2015-02-25,201502252499553,CCBL,11,47,368,322.0,118496.0
2015-02-25,201502252499307,CCBL,11,57,1000,325.0,325000.0
2015-02-25,201502252499300,CCBL,11,25,306,324.0,99144.0
2015-02-25,201502252499272,CCBL,32,32,24,325.0,7800.0
2015-02-25,201502252499169,CCBL,13,29,10,323.0,3230.0
2015-02-25,201502252499155,CCBL,13,29,10,323.0,3230.0
2015-02-25,201502252499118,CCBL,13,29,10,323.0,3230.0
2015-02-25,201502252499109,CCBL,45,29,10,324.0,3240.0
2015-02-25,201502252499561,CFCL,59,1,100,205.0,20500.0
2015-02-25,201502252499560,CFCL,59,41,110,205.0,22550.0
2015-02-25,201502252499557,CFCL,59,41,379,205.0,77695.0
2015-02-25,201502252499383,CFCL,29,29,700,204.0,142800.0
2015-02-25,201502252499382,CFCL,29,13,550,204.0,112200.0
2015-02-25,201502252499333,CFCL,26,26,543,203.0,110229.0
2015-02-25,201502252499166,CFCL,34,1,100,204.0,20400.0
2015-02-25,201502252499089,CFCL,25,14,664,203.0,134792.0
2015-02-25,201502252499082,CFCL,21,13,217,202.0,43834.0
2015-02-25,201502252499081,CFCL,21,40,500,202.0,101000.0
2015-02-25,201502252499080,CFCL,21,26,50,202.0,10100.0
2015-02-25,201502252499502,CHCL,35,35,113,1600.0,180800.0
2015-02-25,201502252499490,CHCL,48,33,21,1602.0,33642.0
2015-02-25,201502252499471,CHCL,1,21,124,1601.0,198524.0
2015-02-25,201502252499462,CHCL,35,41,336,1600.0,537600.0
2015-02-25,201502252499430,CHCL,20,35,94,1602.0,150588.0
2015-02-25,201502252499429,CHCL,20,11,100,1602.0,160200.0
2015-02-25,201502252499157,CHCL,54,42,188,1600.0,300800.0
2015-02-25,201502252499083,CHCL,48,11,100,1601.0,160100.0
2015-02-25,201502252499077,CHCL,48,10,19,1602.0,30438.0
2015-02-25,201502252499423,CHCL,20,6,175,1602.0,280350.0
2015-02-25,201502252499399,CHCL,32,32,619,1600.0,990400.0
2015-02-25,201502252499349,CHCL,5,33,66,1600.0,105600.0
2015-02-25,201502252499301,CHCL,5,34,85,1601.0,136085.0
2015-02-25,201502252499264,CHCL,35,33,202,1600.0,323200.0
2015-02-25,201502252499162,CHCL,48,14,24,1602.0,38448.0
2015-02-25,201502252499539,CIT,1,7,95,3610.0,342950.0
2015-02-25,201502252499499,CIT,21,7,108,3611.0,389988.0
2015-02-25,201502252499253,CIT,14,1,22,3630.0,79860.0
2015-02-25,201502252499497,CNDBL,17,6,20,177.0,3540.0
2015-02-25,201502252499470,CNDBL,19,33,20,176.0,3520.0
2015-02-25,201502252499148,CNDBL,32,50,40,174.0,6960.0
2015-02-25,201502252499492,CSDBL,56,13,129,295.0,38055.0
2015-02-25,201502252499174,CZBIL,34,41,143,454.0,64922.0
2015-02-25,201502252499530,DDBL,16,39,173,1232.0,213136.0
2015-02-25,201502252499448,DDBL,17,59,150,1235.0,185250.0
2015-02-25,201502252499529,EBL,36,32,500,2100.0,1050000.0
2015-02-25,201502252499153,EBL,55,42,300,2100.0,630000.0
2015-02-25,201502252499152,EBL,13,42,10,2100.0,21000.0
2015-02-25,201502252499151,EBL,28,42,110,2107.0,231770.0
2015-02-25,201502252499150,EBL,34,42,220,2108.0,463760.0
2015-02-25,201502252499149,EBL,20,42,100,2110.0,211000.0
2015-02-25,201502252499548,EIC,37,28,67,971.0,65057.0
2015-02-25,201502252499124,EIC,10,17,200,961.0,192200.0
2015-02-25,201502252499123,EIC,42,17,200,963.0,192600.0
2015-02-25,201502252499121,EIC,42,17,200,963.0,192600.0
2015-02-25,201502252499120,EIC,39,17,200,965.0,193000.0
2015-02-25,201502252499115,EIC,41,17,100,970.0,97000.0
2015-02-25,201502252499504,EKBL,42,26,33,278.0,9174.0
2015-02-25,201502252499503,EKBL,42,26,33,279.0,9207.0
2015-02-25,201502252499313,EKBL,42,28,10,279.0,2790.0
2015-02-25,201502252499283,EKBL,5,32,46,279.0,12834.0
2015-02-25,201502252499345,GBBL,41,50,396,342.0,135432.0
2015-02-25,201502252499344,GBBL,41,50,300,342.0,102600.0
2015-02-25,201502252499287,GBBL,59,22,96,343.0,32928.0
2015-02-25,201502252499224,GBBL,6,42,96,337.0,32352.0
2015-02-25,201502252499493,GBIME,47,17,28,460.0,12880.0
2015-02-25,201502252499370,GBIME,32,40,64,460.0,29440.0
2015-02-25,201502252499235,GBIME,55,44,44,460.0,20240.0
2015-02-25,201502252499216,GBIME,36,44,36,460.0,16560.0
2015-02-25,201502252499213,GBIME,56,20,57,455.0,25935.0
2015-02-25,201502252499212,GBIME,41,14,84,455.0,38220.0
2015-02-25,201502252499183,GBIME,47,17,42,458.0,19236.0
2015-02-25,201502252499165,GBIME,6,17,45,457.0,20565.0
2015-02-25,201502252499159,GBIME,55,16,382,456.0,174192.0
2015-02-25,201502252499158,GBIME,55,11,80,456.0,36480.0
2015-02-25,201502252499098,GBIME,6,22,63,454.0,28602.0
2015-02-25,201502252499247,GDBL,6,32,105,313.0,32865.0
2015-02-25,201502252499487,GLICL,53,32,52,545.0,28340.0
2015-02-25,201502252499208,GLICL,39,42,70,545.0,38150.0
2015-02-25,201502252499184,GLICL,26,26,10,542.0,5420.0
2015-02-25,201502252499182,GLICL,26,26,10,542.0,5420.0
2015-02-25,201502252499181,GLICL,26,26,10,542.0,5420.0
2015-02-25,201502252499130,GLICL,45,17,14,545.0,7630.0
2015-02-25,201502252499129,GLICL,45,17,14,545.0,7630.0
2015-02-25,201502252499128,GLICL,45,17,14,545.0,7630.0
2015-02-25,201502252499127,GLICL,45,17,14,545.0,7630.0
2015-02-25,201502252499126,GLICL,45,17,14,545.0,7630.0
2015-02-25,201502252499097,GLICL,53,17,14,545.0,7630.0
2015-02-25,201502252499062,GLICL,44,1,14,548.0,7672.0
2015-02-25,201502252499222,HAMA,1,42,140,160.0,22400.0
2015-02-25,201502252499221,HAMA,1,4,510,159.0,81090.0
2015-02-25,201502252499220,HAMA,1,58,80,158.0,12640.0
2015-02-25,201502252499219,HAMA,1,49,40,157.0,6280.0
2015-02-25,201502252499421,HBDL,39,45,300,108.0,32400.0
2015-02-25,201502252499418,HBDL,25,45,500,108.0,54000.0
2015-02-25,201502252499556,HBL,20,16,99,895.0,88605.0
2015-02-25,201502252499267,HBL,6,32,160,900.0,144000.0
2015-02-25,201502252499266,HBL,6,11,84,900.0,75600.0
2015-02-25,201502252499265,HBL,6,8,84,899.0,75516.0
2015-02-25,201502252499353,ICFC,45,39,80,290.0,23200.0
2015-02-25,201502252499351,ICFC,45,40,150,290.0,43500.0
2015-02-25,201502252499346,ICFC,45,53,20,290.0,5800.0
2015-02-25,201502252499111,IDBL,42,29,168,183.0,30744.0
2015-02-25,201502252499110,IDBL,42,29,168,183.0,30744.0
2015-02-25,201502252499108,IDBL,42,29,168,183.0,30744.0
2015-02-25,201502252499107,IDBL,42,29,168,183.0,30744.0
2015-02-25,201502252499106,IDBL,42,29,168,183.0,30744.0
2015-02-25,201502252499105,IDBL,42,29,168,183.0,30744.0
2015-02-25,201502252499103,IDBL,42,29,12,183.0,2196.0
2015-02-25,201502252499276,INDBL,45,47,97,233.0,22601.0
2015-02-25,201502252499254,INDBL,51,47,97,233.0,22601.0
2015-02-25,201502252499095,INDBL,51,49,500,233.0,116500.0
2015-02-25,201502252499404,JBBL,21,59,30,191.0,5730.0
2015-02-25,201502252499386,JBBL,44,36,102,193.0,19686.0
2015-02-25,201502252499356,JBBL,36,36,1950,190.0,370500.0
2015-02-25,201502252499347,JBBL,36,36,1470,190.0,279300.0
2015-02-25,201502252499338,JBBL,21,45,570,191.0,108870.0
2015-02-25,201502252499263,JBBL,44,26,90,193.0,17370.0
2015-02-25,201502252499078,JBBL,1,47,50,196.0,9800.0
2015-02-25,201502252499072,JBBL,1,45,200,196.0,39200.0
2015-02-25,201502252499203,JBBL,1,20,20,196.0,3920.0
2015-02-25,201502252499202,JBBL,1,20,10,196.0,1960.0
2015-02-25,201502252499164,JBBL,1,45,50,196.0,9800.0
2015-02-25,201502252499161,JBBL,1,45,50,196.0,9800.0
2015-02-25,201502252499125,JBBL,10,6,71,196.0,13916.0
2015-02-25,201502252499114,JBBL,1,6,20,196.0,3920.0
2015-02-25,201502252499427,JBNL,57,43,536,269.0,144184.0
2015-02-25,201502252499396,JBNL,54,45,32,265.0,8480.0
2015-02-25,201502252499393,JBNL,46,45,16,265.0,4240.0
2015-02-25,201502252499381,JBNL,22,45,41,268.0,10988.0
2015-02-25,201502252499378,JBNL,50,43,30,269.0,8070.0
2015-02-25,201502252499368,JBNL,38,45,142,268.0,38056.0
2015-02-25,201502252499360,JBNL,50,43,170,269.0,45730.0
2015-02-25,201502252499186,JFL,14,3,50,404.0,20200.0
2015-02-25,201502252499063,JFL,14,52,40,412.0,16480.0
2015-02-25,201502252499522,KCDBL,50,16,17,239.0,4063.0
2015-02-25,201502252499521,KCDBL,50,16,17,239.0,4063.0
2015-02-25,201502252499519,KCDBL,50,16,17,239.0,4063.0
2015-02-25,201502252499516,KCDBL,50,16,17,239.0,4063.0
2015-02-25,201502252499515,KCDBL,22,16,17,239.0,4063.0
2015-02-25,201502252499514,KCDBL,50,16,17,239.0,4063.0
2015-02-25,201502252499361,KCDBL,54,16,17,240.0,4080.0
2015-02-25,201502252499359,KCDBL,22,16,17,240.0,4080.0
2015-02-25,201502252499357,KCDBL,56,16,17,241.0,4097.0
2015-02-25,201502252499135,KCDBL,56,50,150,241.0,36150.0
2015-02-25,201502252499388,KCDBL,50,16,17,239.0,4063.0
2015-02-25,201502252499376,KCDBL,50,16,17,239.0,4063.0
2015-02-25,201502252499375,KCDBL,50,16,17,239.0,4063.0
2015-02-25,201502252499373,KCDBL,50,16,17,239.0,4063.0
2015-02-25,201502252499372,KCDBL,50,16,17,239.0,4063.0
2015-02-25,201502252499371,KCDBL,50,16,17,239.0,4063.0
2015-02-25,201502252499395,KCDBL,50,16,17,239.0,4063.0
2015-02-25,201502252499394,KCDBL,50,16,17,239.0,4063.0
2015-02-25,201502252499392,KCDBL,50,16,17,239.0,4063.0
2015-02-25,201502252499391,KCDBL,50,16,17,239.0,4063.0
2015-02-25,201502252499390,KCDBL,50,16,17,239.0,4063.0
2015-02-25,201502252499389,KCDBL,50,16,17,239.0,4063.0
2015-02-25,201502252499414,KCDBL,22,16,17,239.0,4063.0
2015-02-25,201502252499406,KCDBL,57,16,17,238.0,4046.0
2015-02-25,201502252499403,KCDBL,22,16,17,239.0,4063.0
2015-02-25,201502252499401,KCDBL,50,16,17,239.0,4063.0
2015-02-25,201502252499400,KCDBL,50,16,17,239.0,4063.0
2015-02-25,201502252499398,KCDBL,50,16,17,239.0,4063.0
2015-02-25,201502252499433,KCDBL,50,16,17,239.0,4063.0
2015-02-25,201502252499432,KCDBL,50,16,17,239.0,4063.0
2015-02-25,201502252499424,KCDBL,22,16,17,239.0,4063.0
2015-02-25,201502252499422,KCDBL,22,16,17,239.0,4063.0
2015-02-25,201502252499420,KCDBL,22,16,17,239.0,4063.0
2015-02-25,201502252499417,KCDBL,22,16,17,239.0,4063.0
2015-02-25,201502252499440,KCDBL,50,16,17,239.0,4063.0
2015-02-25,201502252499439,KCDBL,22,16,17,239.0,4063.0
2015-02-25,201502252499437,KCDBL,22,16,17,239.0,4063.0
2015-02-25,201502252499436,KCDBL,50,16,17,239.0,4063.0
2015-02-25,201502252499435,KCDBL,50,16,17,239.0,4063.0
2015-02-25,201502252499434,KCDBL,50,16,17,239.0,4063.0
2015-02-25,201502252499446,KCDBL,28,11,12,237.0,2844.0
2015-02-25,201502252499445,KCDBL,50,16,17,239.0,4063.0
2015-02-25,201502252499444,KCDBL,50,16,17,239.0,4063.0
2015-02-25,201502252499443,KCDBL,50,16,17,239.0,4063.0
2015-02-25,201502252499442,KCDBL,50,16,17,239.0,4063.0
2015-02-25,201502252499441,KCDBL,50,16,17,239.0,4063.0
2015-02-25,201502252499461,KCDBL,22,16,17,239.0,4063.0
2015-02-25,201502252499459,KCDBL,22,16,17,239.0,4063.0
2015-02-25,201502252499458,KCDBL,22,16,17,239.0,4063.0
2015-02-25,201502252499454,KCDBL,22,16,17,239.0,4063.0
2015-02-25,201502252499451,KCDBL,22,16,17,239.0,4063.0
2015-02-25,201502252499447,KCDBL,22,16,17,239.0,4063.0
2015-02-25,201502252499511,KCDBL,50,16,17,239.0,4063.0
2015-02-25,201502252499508,KCDBL,22,16,17,239.0,4063.0
2015-02-25,201502252499507,KCDBL,22,16,17,239.0,4063.0
2015-02-25,201502252499506,KCDBL,22,16,17,239.0,4063.0
2015-02-25,201502252499474,KCDBL,22,11,12,238.0,2856.0
2015-02-25,201502252499463,KCDBL,22,16,17,239.0,4063.0
2015-02-25,201502252499491,KDBL,46,4,144,141.0,20304.0
2015-02-25,201502252499286,KDBL,25,4,500,141.0,70500.0
2015-02-25,201502252499217,KDBL,25,40,134,142.0,19028.0
2015-02-25,201502252499209,KDBL,10,7,83,142.0,11786.0
2015-02-25,201502252499205,KDBL,10,7,83,142.0,11786.0
2015-02-25,201502252499204,KDBL,10,25,110,141.0,15510.0
2015-02-25,201502252499196,KDBL,10,25,279,141.0,39339.0
2015-02-25,201502252499195,KDBL,10,25,332,141.0,46812.0
2015-02-25,201502252499241,KMCDB,16,29,10,1065.0,10650.0
2015-02-25,201502252499240,KMCDB,16,29,10,1065.0,10650.0
2015-02-25,201502252499239,KMCDB,16,29,10,1065.0,10650.0
2015-02-25,201502252499238,KMCDB,16,33,10,1060.0,10600.0
2015-02-25,201502252499250,KNBL,44,45,54,270.0,14580.0
2015-02-25,201502252499509,KRBL,51,51,20,338.0,6760.0
2015-02-25,201502252499496,KRBL,51,6,40,337.0,13480.0
2015-02-25,201502252499495,KRBL,51,45,70,335.0,23450.0
2015-02-25,201502252499494,KRBL,51,45,70,335.0,23450.0
2015-02-25,201502252499416,KRBL,32,32,10,338.0,3380.0
2015-02-25,201502252499415,KRBL,32,32,10,338.0,3380.0
2015-02-25,201502252499188,KRBL,47,1,40,339.0,13560.0
2015-02-25,201502252499175,KRBL,47,20,150,338.0,50700.0
2015-02-25,201502252499327,KRBL,55,26,100,334.0,33400.0
2015-02-25,201502252499318,KRBL,17,26,100,335.0,33500.0
2015-02-25,201502252499257,KRBL,40,51,420,338.0,141960.0
2015-02-25,201502252499523,LFLC,36,45,170,218.0,37060.0
2015-02-25,201502252499324,LFLC,26,26,600,220.0,132000.0
2015-02-25,201502252499532,LLBS,44,11,10,985.0,9850.0
2015-02-25,201502252499520,LLBS,44,20,528,966.0,510048.0
2015-02-25,201502252499505,LLBS,44,41,41,966.0,39606.0
2015-02-25,201502252499453,LLBS,40,41,10,955.0,9550.0
2015-02-25,201502252499425,LLBS,47,41,10,952.0,9520.0
2015-02-25,201502252499237,LLBS,38,29,41,950.0,38950.0
2015-02-25,201502252499236,LLBS,14,29,41,951.0,38991.0
2015-02-25,201502252499140,LLBS,14,26,10,965.0,9650.0
2015-02-25,201502252499139,LLBS,39,26,20,966.0,19320.0
2015-02-25,201502252499091,LLBS,25,41,41,966.0,39606.0
2015-02-25,201502252499285,LUBL,6,32,367,354.0,129918.0
2015-02-25,201502252499187,LUBL,6,16,520,354.0,184080.0
2015-02-25,201502252499298,MBBL,16,40,57,212.0,12084.0
2015-02-25,201502252499258,MBBL,57,17,220,214.0,47080.0
2015-02-25,201502252499473,MBL,45,44,650,559.0,363350.0
2015-02-25,201502252499355,MBL,45,53,500,558.0,279000.0
2015-02-25,201502252499314,MBL,45,29,300,558.0,167400.0
2015-02-25,201502252499304,MBL,40,11,35,558.0,19530.0
2015-02-25,201502252499288,MBL,22,28,236,557.0,131452.0
2015-02-25,201502252499233,MBL,59,28,236,557.0,131452.0
2015-02-25,201502252499138,MBL,6,46,1000,555.0,555000.0
2015-02-25,201502252499134,MBL,5,1,436,555.0,241980.0
2015-02-25,201502252499117,MBL,8,1,436,557.0,242852.0
2015-02-25,201502252499315,MDBL,26,26,300,230.0,69000.0
2015-02-25,201502252499408,METRO,6,57,20,334.0,6680.0
2015-02-25,201502252499343,MLBBL,40,47,83,1000.0,83000.0
2015-02-25,201502252499112,MLBBL,14,51,10,1009.0,10090.0
2015-02-25,201502252499277,MMDBL,16,32,10,606.0,6060.0
2015-02-25,201502252499559,MNBBL,21,45,173,571.0,98783.0
2015-02-25,201502252499547,MNBBL,43,45,200,570.0,114000.0
2015-02-25,201502252499478,MNBBL,14,16,200,570.0,114000.0
2015-02-25,201502252499477,MNBBL,14,1,10,570.0,5700.0
2015-02-25,201502252499476,MNBBL,14,1,10,570.0,5700.0
2015-02-25,201502252499475,MNBBL,14,1,10,570.0,5700.0
2015-02-25,201502252499329,NABIL,13,21,103,1951.0,200953.0
2015-02-25,201502252499262,NABIL,36,58,485,1940.0,940900.0
2015-02-25,201502252499251,NABIL,26,58,94,1945.0,182830.0
2015-02-25,201502252499225,NABIL,26,49,100,1945.0,194500.0
2015-02-25,201502252499144,NABIL,48,42,200,1946.0,389200.0
2015-02-25,201502252499143,NABIL,39,42,200,1947.0,389400.0
2015-02-25,201502252499142,NABIL,25,42,60,1947.0,116820.0
2015-02-25,201502252499160,NABILP,7,7,100,1355.0,135500.0
2015-02-25,201502252499104,NABILP,35,35,785,1349.0,1058965.0
2015-02-25,201502252499364,NBB,5,56,150,515.0,77250.0
2015-02-25,201502252499336,NBB,46,28,60,516.0,30960.0
2015-02-25,201502252499332,NBB,22,57,1000,513.0,513000.0
2015-02-25,201502252499317,NBB,35,35,600,513.0,307800.0
2015-02-25,201502252499310,NBB,35,57,1000,513.0,513000.0
2015-02-25,201502252499191,NBB,5,32,265,515.0,136475.0
2015-02-25,201502252499185,NBB,5,3,200,515.0,103000.0
2015-02-25,201502252499380,NBF1,6,16,1499,13.61,20401.39
2015-02-25,201502252499352,NBF1,1,40,1199,13.65,16366.35
2015-02-25,201502252499330,NBL,42,33,7000,323.0,2261000.0
2015-02-25,201502252499302,NBL,17,26,378,325.0,122850.0
2015-02-25,201502252499179,NBL,41,33,1000,323.0,323000.0
2015-02-25,201502252499178,NBL,25,33,100,324.0,32400.0
2015-02-25,201502252499177,NBL,19,33,300,324.0,97200.0
2015-02-25,201502252499176,NBL,48,33,400,325.0,130000.0
2015-02-25,201502252499428,NCDB,10,11,58,250.0,14500.0
2015-02-25,201502252499305,NCDB,10,47,12,250.0,3000.0
2015-02-25,201502252499303,NCDB,10,47,12,250.0,3000.0
2015-02-25,201502252499299,NCDB,10,47,12,250.0,3000.0
2015-02-25,201502252499291,NCDB,10,47,12,250.0,3000.0
2015-02-25,201502252499284,NCDB,10,47,12,250.0,3000.0
2015-02-25,201502252499279,NCDB,10,47,12,250.0,3000.0
2015-02-25,201502252499275,NCDB,5,47,12,249.0,2988.0
2015-02-25,201502252499269,NCDB,50,47,12,250.0,3000.0
2015-02-25,201502252499067,NCM,8,8,5828,200.0,1165600.0
2015-02-25,201502252499064,NCM,8,8,100,204.0,20400.0
2015-02-25,201502252499350,NHPC,43,59,1000,120.0,120000.0
2015-02-25,201502252499342,NHPC,5,45,1000,121.0,121000.0
2015-02-25,201502252499244,NIB,22,49,100,729.0,72900.0
2015-02-25,201502252499274,NIBSF1,19,45,1000,10.7,10700.0
2015-02-25,201502252499558,NICA,54,6,301,660.0,198660.0
2015-02-25,201502252499088,NICA,32,32,230,654.0,150420.0
2015-02-25,201502252499211,NIL,45,37,150,595.0,89250.0
2015-02-25,201502252499210,NIL,45,1,80,595.0,47600.0
2015-02-25,201502252499197,NIL,45,8,200,594.0,118800.0
2015-02-25,201502252499501,NLG,21,41,50,690.0,34500.0
2015-02-25,201502252499278,NLG,16,16,3004,685.0,2057740.0
2015-02-25,201502252499102,NLG,32,41,60,690.0,41400.0
2015-02-25,201502252499306,NLIC,34,34,35,4700.0,164500.0
2015-02-25,201502252499248,NLIC,8,46,50,4695.0,234750.0
2015-02-25,201502252499229,NLIC,8,25,100,4694.0,469400.0
2015-02-25,201502252499228,NLIC,8,53,40,4693.0,187720.0
2015-02-25,201502252499227,NLIC,8,28,100,4690.0,469000.0
2015-02-25,201502252499226,NLIC,8,32,100,4689.0,468900.0
2015-02-25,201502252499223,NLIC,8,59,69,4685.0,323265.0
2015-02-25,201502252499200,NLIC,1,32,100,4690.0,469000.0
2015-02-25,201502252499136,NLIC,45,32,80,4680.0,374400.0
2015-02-25,201502252499486,NLICL,50,41,79,2502.0,197658.0
2015-02-25,201502252499438,NLICL,22,44,400,2501.0,1000400.0
2015-02-25,201502252499339,NLICL,22,49,405,2501.0,1012905.0
2015-02-25,201502252499531,NMBSF1,51,26,2610,10.4,27144.0
2015-02-25,201502252499137,NMBSF1,51,47,2000,10.4,20800.0
2015-02-25,201502252499541,NNLB,36,39,10,1008.0,10080.0
2015-02-25,201502252499512,NNLB,44,29,10,1010.0,10100.0
2015-02-25,201502252499101,NNLB,36,34,10,1008.0,10080.0
2015-02-25,201502252499093,NNLB,36,34,10,1008.0,10080.0
2015-02-25,201502252499084,NNLB,36,34,10,1008.0,10080.0
2015-02-25,201502252499246,NTC,52,58,100,628.0,62800.0
2015-02-25,201502252499242,NTC,49,34,260,625.0,162500.0
2015-02-25,201502252499131,NTC,49,41,200,625.0,125000.0
2015-02-25,201502252499116,NTC,49,50,300,625.0,187500.0
2015-02-25,201502252499552,NUBL,33,6,197,1310.0,258070.0
2015-02-25,201502252499545,OHL,14,47,10,721.0,7210.0
2015-02-25,201502252499540,OHL,14,47,10,721.0,7210.0
2015-02-25,201502252499534,OHL,14,47,10,721.0,7210.0
2015-02-25,201502252499154,OHL,38,33,200,725.0,145000.0
2015-02-25,201502252499524,OHL,14,47,10,721.0,7210.0
2015-02-25,201502252499409,PADBL,11,58,150,428.0,64200.0
2015-02-25,201502252499402,PADBL,11,25,119,425.0,50575.0
2015-02-25,201502252499379,PADBL,11,5,291,424.0,123384.0
2015-02-25,201502252499363,PADBL,11,56,250,420.0,105000.0
2015-02-25,201502252499550,PCBL,32,47,80,452.0,36160.0
2015-02-25,201502252499500,PCBL,47,1,28,455.0,12740.0
2015-02-25,201502252499449,PCBL,6,6,106,453.0,48018.0
2015-02-25,201502252499385,PCBL,3,6,27,453.0,12231.0
2015-02-25,201502252499325,PCBL,14,14,5500,449.0,2469500.0
2015-02-25,201502252499312,PIC,38,32,63,985.0,62055.0
2015-02-25,201502252499311,PIC,38,40,11,984.0,10824.0
2015-02-25,201502252499282,PIC,11,29,24,985.0,23640.0
2015-02-25,201502252499554,PRVU,45,35,4000,332.0,1328000.0
2015-02-25,201502252499549,PRVU,21,32,1000,332.0,332000.0
2015-02-25,201502252499546,PRVU,49,33,293,332.0,97276.0
2015-02-25,201502252499113,PRVU,59,45,300,333.0,99900.0
2015-02-25,201502252499069,PRVU,59,52,391,333.0,130203.0
2015-02-25,201502252499294,PRVU,53,32,100,333.0,33300.0
2015-02-25,201502252499293,PRVU,45,32,100,333.0,33300.0
2015-02-25,201502252499292,PRVU,34,32,100,333.0,33300.0
2015-02-25,201502252499249,PRVU,49,57,1000,332.0,332000.0
2015-02-25,201502252499230,PRVU,14,14,247,333.0,82251.0
2015-02-25,201502252499316,PRVU,49,28,11,332.0,3652.0
2015-02-25,201502252499309,PRVU,49,49,89,332.0,29548.0
2015-02-25,201502252499308,PRVU,49,49,89,332.0,29548.0
2015-02-25,201502252499297,PRVU,6,28,11,331.0,3641.0
2015-02-25,201502252499296,PRVU,21,32,500,333.0,166500.0
2015-02-25,201502252499295,PRVU,53,32,200,333.0,66600.0
2015-02-25,201502252499469,PRVU,49,14,73,333.0,24309.0
2015-02-25,201502252499369,PRVU,42,1,500,332.0,166000.0
2015-02-25,201502252499341,PRVU,6,28,11,333.0,3663.0
2015-02-25,201502252499335,PRVU,6,28,11,333.0,3663.0
2015-02-25,201502252499328,PRVU,21,1,187,332.0,62084.0
2015-02-25,201502252499555,REDBL,59,36,17,221.0,3757.0
2015-02-25,201502252499468,RHPC,21,11,10,486.0,4860.0
2015-02-25,201502252499460,RHPC,21,11,10,486.0,4860.0
2015-02-25,201502252499528,RMDC,38,53,33,726.0,23958.0
2015-02-25,201502252499525,RMDC,16,53,33,727.0,23991.0
2015-02-25,201502252499551,SANIMA,22,28,459,546.0,250614.0
2015-02-25,201502252499526,SANIMA,13,41,40,546.0,21840.0
2015-02-25,201502252499426,SANIMA,51,17,281,546.0,153426.0
2015-02-25,201502252499281,SANIMA,50,14,92,550.0,50600.0
2015-02-25,201502252499199,SANIMA,13,19,30,546.0,16380.0
2015-02-25,201502252499190,SBI,19,28,45,950.0,42750.0
2015-02-25,201502252499270,SBL,59,5,181,683.0,123623.0
2015-02-25,201502252499510,SEOS,17,28,5000,10.18,50900.0
2015-02-25,201502252499096,SEOS,47,11,2500,10.16,25400.0
2015-02-25,201502252499132,SETI,17,44,51,201.0,10251.0
2015-02-25,201502252499467,SHBL,56,7,10,1038.0,10380.0
2015-02-25,201502252499431,SHBL,43,39,10,1055.0,10550.0
2015-02-25,201502252499326,SHBL,56,28,10,1059.0,10590.0
2015-02-25,201502252499173,SHBL,40,17,13,1080.0,14040.0
2015-02-25,201502252499145,SHBL,40,32,10,1070.0,10700.0
2015-02-25,201502252499133,SHBL,40,28,10,1060.0,10600.0
2015-02-25,201502252499086,SHBL,56,45,50,1040.0,52000.0
2015-02-25,201502252499085,SHBL,56,14,50,1039.0,51950.0
2015-02-25,201502252499075,SHBL,56,55,20,1020.0,20400.0
2015-02-25,201502252499170,SHBL,40,17,13,1080.0,14040.0
2015-02-25,201502252499167,SHBL,40,17,13,1080.0,14040.0
2015-02-25,201502252499163,SHBL,40,17,13,1080.0,14040.0
2015-02-25,201502252499156,SHBL,40,17,13,1080.0,14040.0
2015-02-25,201502252499147,SHBL,40,32,10,1070.0,10700.0
2015-02-25,201502252499146,SHBL,40,32,10,1070.0,10700.0
2015-02-25,201502252499387,SHL,35,45,500,455.0,227500.0
2015-02-25,201502252499377,SHL,35,45,445,454.0,202030.0
2015-02-25,201502252499068,SHL,47,34,600,450.0,270000.0
2015-02-25,201502252499544,SHPC,13,41,12,775.0,9300.0
2015-02-25,201502252499537,SHPC,13,41,12,775.0,9300.0
2015-02-25,201502252499536,SHPC,21,16,18,773.0,13914.0
2015-02-25,201502252499533,SHPC,21,33,18,772.0,13896.0
2015-02-25,201502252499527,SHPC,21,11,12,771.0,9252.0
2015-02-25,201502252499517,SHPC,21,11,12,771.0,9252.0
2015-02-25,201502252499141,SHPC,57,21,10,771.0,7710.0
2015-02-25,201502252499079,SHPC,13,38,18,767.0,13806.0
2015-02-25,201502252499452,SHPC,56,38,18,770.0,13860.0
2015-02-25,201502252499412,SHPC,13,59,10,768.0,7680.0
2015-02-25,201502252499405,SHPC,21,21,10,769.0,7690.0
2015-02-25,201502252499367,SHPC,13,21,10,768.0,7680.0
2015-02-25,201502252499340,SHPC,13,21,10,768.0,7680.0
2015-02-25,201502252499337,SHPC,13,21,10,768.0,7680.0
2015-02-25,201502252499498,SHPC,21,19,200,771.0,154200.0
2015-02-25,201502252499488,SHPC,21,21,10,770.0,7700.0
2015-02-25,201502252499483,SHPC,21,38,18,770.0,13860.0
2015-02-25,201502252499472,SHPC,21,38,18,770.0,13860.0
2015-02-25,201502252499464,SHPC,21,38,18,770.0,13860.0
2015-02-25,201502252499455,SHPC,56,38,18,770.0,13860.0
2015-02-25,201502252499290,SIC,19,38,123,1090.0,134070.0
2015-02-25,201502252499410,SICL,44,7,160,674.0,107840.0
2015-02-25,201502252499172,SIGS1,35,26,100,15.5,1550.0
2015-02-25,201502252499119,SIL,51,58,89,723.0,64347.0
2015-02-25,201502252499073,SINDU,16,47,100,231.0,23100.0
2015-02-25,201502252499070,SINDU,16,47,100,231.0,23100.0
2015-02-25,201502252499261,SKBBL,38,38,26,1565.0,40690.0
2015-02-25,201502252499215,SKBBL,6,44,115,1546.0,177790.0
2015-02-25,201502252499122,SKBBL,38,49,50,1563.0,78150.0
2015-02-25,201502252499071,SKBBL,38,49,80,1560.0,124800.0
2015-02-25,201502252499354,SLBBL,7,1,28,2540.0,71120.0
2015-02-25,201502252499384,SLICL,26,26,34,629.0,21386.0
2015-02-25,201502252499374,SLICL,26,26,34,629.0,21386.0
2015-02-25,201502252499366,SLICL,26,26,34,629.0,21386.0
2015-02-25,201502252499362,SLICL,26,26,34,629.0,21386.0
2015-02-25,201502252499171,SLICL,42,42,34,621.0,21114.0
2015-02-25,201502252499168,SLICL,47,42,36,625.0,22500.0
2015-02-25,201502252499466,SMFDB,34,57,50,1742.0,87100.0
2015-02-25,201502252499218,SRBL,28,39,178,391.0,69598.0
2015-02-25,201502252499214,SRBL,28,39,80,391.0,31280.0
2015-02-25,201502252499198,SRBL,25,33,11,395.0,4345.0
2015-02-25,201502252499256,SYFL,39,6,500,100.0,50000.0
2015-02-25,201502252499066,SYFL,39,13,333,102.0,33966.0
2015-02-25,201502252499518,VBBL,43,29,40,153.0,6120.0
2015-02-25,201502252499482,VBBL,43,7,80,153.0,12240.0
2015-02-25,201502252499480,VBBL,43,7,80,153.0,12240.0
2015-02-25,201502252499479,VBBL,49,7,80,153.0,12240.0
2015-02-25,201502252499289,VBBL,52,7,80,154.0,12320.0
2015-02-25,201502252499252,VBBL,28,54,330,153.0,50490.0
2015-02-25,201502252499201,VBBL,52,7,80,154.0,12320.0
2015-02-25,201502252499180,VBBL,49,11,30,153.0,4590.0
2015-02-25,201502252499513,WDBL,16,45,69,343.0,23667.0
2015-02-25,201502252499365,WDBL,16,10,500,340.0,170000.0
2015-02-25,201502252499076,WDBL,13,11,96,342.0,32832.0
2015-02-25,201502252499485,YETI,39,29,11,126.0,1386.0
2015-02-25,201502252499259,YETI,8,39,31,126.0,3906.0
2015-02-25,201502252499255,YETI,8,39,20,126.0,2520.0
